800
-1.0000 -1.0000 -1.7261 -1.0000 -1.0000 -1.7261 0.0000 0.0000 
-1.0000 -1.0000 -1.5727 -1.0000 -1.0000 -1.5727 0.0000 0.0000 
-1.0000 -0.9000 -1.5727 -1.0000 -0.9000 -1.5727 0.0000 0.0000 
-1.0000 -0.9000 -1.4193 -1.0000 -0.9000 -1.4193 0.0000 0.0000 
-1.0000 -0.8000 -0.9156 -1.0000 -0.8000 -0.9156 0.0000 0.0000 
-1.0000 -0.8000 -0.7622 -1.0000 -0.8000 -0.7622 0.0000 0.0000 
-1.0000 -0.7000 -0.2890 -1.0000 -0.7000 -0.2890 0.0000 0.0000 
-1.0000 -0.7000 -0.1357 -1.0000 -0.7000 -0.1357 0.0000 0.0000 
-1.0000 -0.6000 0.0134 -1.0000 -0.6000 0.0134 0.0000 0.0000 
-1.0000 -0.6000 0.1668 -1.0000 -0.6000 0.1668 0.0000 0.0000 
-1.0000 -0.5000 -0.0089 -1.0000 -0.5000 -0.0089 0.0000 0.0000 
-1.0000 -0.5000 0.1444 -1.0000 -0.5000 0.1444 0.0000 0.0000 
-1.0000 -0.4000 -0.2174 -1.0000 -0.4000 -0.2174 0.0000 0.0000 
-1.0000 -0.4000 -0.0641 -1.0000 -0.4000 -0.0641 0.0000 0.0000 
-1.0000 -0.3000 -0.4716 -1.0000 -0.3000 -0.4716 0.0000 0.0000 
-1.0000 -0.3000 -0.3182 -1.0000 -0.3000 -0.3182 0.0000 0.0000 
-1.0000 -0.2000 -0.6842 -1.0000 -0.2000 -0.6842 0.0000 0.0000 
-1.0000 -0.2000 -0.5309 -1.0000 -0.2000 -0.5309 0.0000 0.0000 
-1.0000 -0.1000 -0.8181 -1.0000 -0.1000 -0.8181 0.0000 0.0000 
-1.0000 -0.1000 -0.6647 -1.0000 -0.1000 -0.6647 0.0000 0.0000 
-1.0000 0.0000 -0.8630 -1.0000 0.0000 -0.8630 0.0000 0.0000 
-1.0000 0.0000 -0.7097 -1.0000 0.0000 -0.7097 0.0000 0.0000 
-1.0000 0.1000 -0.8181 -1.0000 0.1000 -0.8181 0.0000 0.0000 
-1.0000 0.1000 -0.6647 -1.0000 0.1000 -0.6647 0.0000 0.0000 
-1.0000 0.2000 -0.6842 -1.0000 0.2000 -0.6842 0.0000 0.0000 
-1.0000 0.2000 -0.5309 -1.0000 0.2000 -0.5309 0.0000 0.0000 
-1.0000 0.3000 -0.4716 -1.0000 0.3000 -0.4716 0.0000 0.0000 
-1.0000 0.3000 -0.3182 -1.0000 0.3000 -0.3182 0.0000 0.0000 
-1.0000 0.4000 -0.2174 -1.0000 0.4000 -0.2174 0.0000 0.0000 
-1.0000 0.4000 -0.0641 -1.0000 0.4000 -0.0641 0.0000 0.0000 
-1.0000 0.5000 -0.0089 -1.0000 0.5000 -0.0089 0.0000 0.0000 
-1.0000 0.5000 0.1444 -1.0000 0.5000 0.1444 0.0000 0.0000 
-1.0000 0.6000 0.0134 -1.0000 0.6000 0.0134 0.0000 0.0000 
-1.0000 0.6000 0.1668 -1.0000 0.6000 0.1668 0.0000 0.0000 
-1.0000 0.7000 -0.2890 -1.0000 0.7000 -0.2890 0.0000 0.0000 
-1.0000 0.7000 -0.1357 -1.0000 0.7000 -0.1357 0.0000 0.0000 
-1.0000 0.8000 -0.9156 -1.0000 0.8000 -0.9156 0.0000 0.0000 
-1.0000 0.8000 -0.7622 -1.0000 0.8000 -0.7622 0.0000 0.0000 
-1.0000 0.9000 -1.5727 -1.0000 0.9000 -1.5727 0.0000 0.0000 
-1.0000 0.9000 -1.4193 -1.0000 0.9000 -1.4193 0.0000 0.0000 
-0.9000 -1.0000 -1.5727 -0.9000 -1.0000 -1.5727 0.0000 0.0000 
-0.9000 -1.0000 -0.9156 -0.9000 -1.0000 -0.9156 0.0000 0.0000 
-0.9000 -0.9000 -1.4193 -0.9000 -0.9000 -1.4193 0.0000 0.0000 
-0.9000 -0.9000 -0.7622 -0.9000 -0.9000 -0.7622 0.0000 0.0000 
-0.9000 -0.8000 -0.7622 -0.9000 -0.8000 -0.7622 0.0000 0.0000 
-0.9000 -0.8000 -0.1051 -0.9000 -0.8000 -0.1051 0.0000 0.0000 
-0.9000 -0.7000 -0.1357 -0.9000 -0.7000 -0.1357 0.0000 0.0000 
-0.9000 -0.7000 0.5215 -0.9000 -0.7000 0.5215 0.0000 0.0000 
-0.9000 -0.6000 0.1668 -0.9000 -0.6000 0.1668 0.0000 0.0000 
-0.9000 -0.6000 0.8239 -0.9000 -0.6000 0.8239 0.0000 0.0000 
-0.9000 -0.5000 0.1444 -0.9000 -0.5000 0.1444 0.0000 0.0000 
-0.9000 -0.5000 0.8015 -0.9000 -0.5000 0.8015 0.0000 0.0000 
-0.9000 -0.4000 -0.0641 -0.9000 -0.4000 -0.0641 0.0000 0.0000 
-0.9000 -0.4000 0.5931 -0.9000 -0.4000 0.5931 0.0000 0.0000 
-0.9000 -0.3000 -0.3182 -0.9000 -0.3000 -0.3182 0.0000 0.0000 
-0.9000 -0.3000 0.3389 -0.9000 -0.3000 0.3389 0.0000 0.0000 
-0.9000 -0.2000 -0.5309 -0.9000 -0.2000 -0.5309 0.0000 0.0000 
-0.9000 -0.2000 0.1263 -0.9000 -0.2000 0.1263 0.0000 0.0000 
-0.9000 -0.1000 -0.6647 -0.9000 -0.1000 -0.6647 0.0000 0.0000 
-0.9000 -0.1000 -0.0076 -0.9000 -0.1000 -0.0076 0.0000 0.0000 
-0.9000 0.0000 -0.7097 -0.9000 0.0000 -0.7097 0.0000 0.0000 
-0.9000 0.0000 -0.0525 -0.9000 0.0000 -0.0525 0.0000 0.0000 
-0.9000 0.1000 -0.6647 -0.9000 0.1000 -0.6647 0.0000 0.0000 
-0.9000 0.1000 -0.0076 -0.9000 0.1000 -0.0076 0.0000 0.0000 
-0.9000 0.2000 -0.5309 -0.9000 0.2000 -0.5309 0.0000 0.0000 
-0.9000 0.2000 0.1263 -0.9000 0.2000 0.1263 0.0000 0.0000 
-0.9000 0.3000 -0.3182 -0.9000 0.3000 -0.3182 0.0000 0.0000 
-0.9000 0.3000 0.3389 -0.9000 0.3000 0.3389 0.0000 0.0000 
-0.9000 0.4000 -0.0641 -0.9000 0.4000 -0.0641 0.0000 0.0000 
-0.9000 0.4000 0.5931 -0.9000 0.4000 0.5931 0.0000 0.0000 
-0.9000 0.5000 0.1444 -0.9000 0.5000 0.1444 0.0000 0.0000 
-0.9000 0.5000 0.8015 -0.9000 0.5000 0.8015 0.0000 0.0000 
-0.9000 0.6000 0.1668 -0.9000 0.6000 0.1668 0.0000 0.0000 
-0.9000 0.6000 0.8239 -0.9000 0.6000 0.8239 0.0000 0.0000 
-0.9000 0.7000 -0.1357 -0.9000 0.7000 -0.1357 0.0000 0.0000 
-0.9000 0.7000 0.5215 -0.9000 0.7000 0.5215 0.0000 0.0000 
-0.9000 0.8000 -0.7622 -0.9000 0.8000 -0.7622 0.0000 0.0000 
-0.9000 0.8000 -0.1051 -0.9000 0.8000 -0.1051 0.0000 0.0000 
-0.9000 0.9000 -1.4193 -0.9000 0.9000 -1.4193 0.0000 0.0000 
-0.9000 0.9000 -0.7622 -0.9000 0.9000 -0.7622 0.0000 0.0000 
-0.8000 -1.0000 -0.9156 -0.8000 -1.0000 -0.9156 0.0000 0.0000 
-0.8000 -1.0000 -0.2890 -0.8000 -1.0000 -0.2890 0.0000 0.0000 
-0.8000 -0.9000 -0.7622 -0.8000 -0.9000 -0.7622 0.0000 0.0000 
-0.8000 -0.9000 -0.1357 -0.8000 -0.9000 -0.1357 0.0000 0.0000 
-0.8000 -0.8000 -0.1051 -0.8000 -0.8000 -0.1051 0.0000 0.0000 
-0.8000 -0.8000 0.5215 -0.8000 -0.8000 0.5215 0.0000 0.0000 
-0.8000 -0.7000 0.5215 -0.8000 -0.7000 0.5215 0.0000 0.0000 
-0.8000 -0.7000 1.1480 -0.8000 -0.7000 1.1480 0.0000 0.0000 
-0.8000 -0.6000 0.8239 -0.8000 -0.6000 0.8239 0.0000 0.0000 
-0.8000 -0.6000 1.4505 -0.8000 -0.6000 1.4505 0.0000 0.0000 
-0.8000 -0.5000 0.8015 -0.8000 -0.5000 0.8015 0.0000 0.0000 
-0.8000 -0.5000 1.4281 -0.8000 -0.5000 1.4281 0.0000 0.0000 
-0.8000 -0.4000 0.5931 -0.8000 -0.4000 0.5931 0.0000 0.0000 
-0.8000 -0.4000 1.2196 -0.8000 -0.4000 1.2196 0.0000 0.0000 
-0.8000 -0.3000 0.3389 -0.8000 -0.3000 0.3389 0.0000 0.0000 
-0.8000 -0.3000 0.9655 -0.8000 -0.3000 0.9655 0.0000 0.0000 
-0.8000 -0.2000 0.1263 -0.8000 -0.2000 0.1263 0.0000 0.0000 
-0.8000 -0.2000 0.7528 -0.8000 -0.2000 0.7528 0.0000 0.0000 
-0.8000 -0.1000 -0.0076 -0.8000 -0.1000 -0.0076 0.0000 0.0000 
-0.8000 -0.1000 0.6190 -0.8000 -0.1000 0.6190 0.0000 0.0000 
-0.8000 0.0000 -0.0525 -0.8000 0.0000 -0.0525 0.0000 0.0000 
-0.8000 0.0000 0.5740 -0.8000 0.0000 0.5740 0.0000 0.0000 
-0.8000 0.1000 -0.0076 -0.8000 0.1000 -0.0076 0.0000 0.0000 
-0.8000 0.1000 0.6190 -0.8000 0.1000 0.6190 0.0000 0.0000 
-0.8000 0.2000 0.1263 -0.8000 0.2000 0.1263 0.0000 0.0000 
-0.8000 0.2000 0.7528 -0.8000 0.2000 0.7528 0.0000 0.0000 
-0.8000 0.3000 0.3389 -0.8000 0.3000 0.3389 0.0000 0.0000 
-0.8000 0.3000 0.9655 -0.8000 0.3000 0.9655 0.0000 0.0000 
-0.8000 0.4000 0.5931 -0.8000 0.4000 0.5931 0.0000 0.0000 
-0.8000 0.4000 1.2196 -0.8000 0.4000 1.2196 0.0000 0.0000 
-0.8000 0.5000 0.8015 -0.8000 0.5000 0.8015 0.0000 0.0000 
-0.8000 0.5000 1.4281 -0.8000 0.5000 1.4281 0.0000 0.0000 
-0.8000 0.6000 0.8239 -0.8000 0.6000 0.8239 0.0000 0.0000 
-0.8000 0.6000 1.4505 -0.8000 0.6000 1.4505 0.0000 0.0000 
-0.8000 0.7000 0.5215 -0.8000 0.7000 0.5215 0.0000 0.0000 
-0.8000 0.7000 1.1480 -0.8000 0.7000 1.1480 0.0000 0.0000 
-0.8000 0.8000 -0.1051 -0.8000 0.8000 -0.1051 0.0000 0.0000 
-0.8000 0.8000 0.5215 -0.8000 0.8000 0.5215 0.0000 0.0000 
-0.8000 0.9000 -0.7622 -0.8000 0.9000 -0.7622 0.0000 0.0000 
-0.8000 0.9000 -0.1357 -0.8000 0.9000 -0.1357 0.0000 0.0000 
-0.7000 -1.0000 -0.2890 -0.7000 -1.0000 -0.2890 0.0000 0.0000 
-0.7000 -1.0000 0.0134 -0.7000 -1.0000 0.0134 0.0000 0.0000 
-0.7000 -0.9000 -0.1357 -0.7000 -0.9000 -0.1357 0.0000 0.0000 
-0.7000 -0.9000 0.1668 -0.7000 -0.9000 0.1668 0.0000 0.0000 
-0.7000 -0.8000 0.5215 -0.7000 -0.8000 0.5215 0.0000 0.0000 
-0.7000 -0.8000 0.8239 -0.7000 -0.8000 0.8239 0.0000 0.0000 
-0.7000 -0.7000 1.1480 -0.7000 -0.7000 1.1480 0.0000 0.0000 
-0.7000 -0.7000 1.4505 -0.7000 -0.7000 1.4505 0.0000 0.0000 
-0.7000 -0.6000 1.4505 -0.7000 -0.6000 1.4505 0.0000 0.0000 
-0.7000 -0.6000 1.7529 -0.7000 -0.6000 1.7529 0.0000 0.0000 
-0.7000 -0.5000 1.4281 -0.7000 -0.5000 1.4281 0.0000 0.0000 
-0.7000 -0.5000 1.7305 -0.7000 -0.5000 1.7305 0.0000 0.0000 
-0.7000 -0.4000 1.2196 -0.7000 -0.4000 1.2196 0.0000 0.0000 
-0.7000 -0.4000 1.5221 -0.7000 -0.4000 1.5221 0.0000 0.0000 
-0.7000 -0.3000 0.9655 -0.7000 -0.3000 0.9655 0.0000 0.0000 
-0.7000 -0.3000 1.2679 -0.7000 -0.3000 1.2679 0.0000 0.0000 
-0.7000 -0.2000 0.7528 -0.7000 -0.2000 0.7528 0.0000 0.0000 
-0.7000 -0.2000 1.0553 -0.7000 -0.2000 1.0553 0.0000 0.0000 
-0.7000 -0.1000 0.6190 -0.7000 -0.1000 0.6190 0.0000 0.0000 
-0.7000 -0.1000 0.9214 -0.7000 -0.1000 0.9214 0.0000 0.0000 
-0.7000 0.0000 0.5740 -0.7000 0.0000 0.5740 0.0000 0.0000 
-0.7000 0.0000 0.8765 -0.7000 0.0000 0.8765 0.0000 0.0000 
-0.7000 0.1000 0.6190 -0.7000 0.1000 0.6190 0.0000 0.0000 
-0.7000 0.1000 0.9214 -0.7000 0.1000 0.9214 0.0000 0.0000 
-0.7000 0.2000 0.7528 -0.7000 0.2000 0.7528 0.0000 0.0000 
-0.7000 0.2000 1.0553 -0.7000 0.2000 1.0553 0.0000 0.0000 
-0.7000 0.3000 0.9655 -0.7000 0.3000 0.9655 0.0000 0.0000 
-0.7000 0.3000 1.2679 -0.7000 0.3000 1.2679 0.0000 0.0000 
-0.7000 0.4000 1.2196 -0.7000 0.4000 1.2196 0.0000 0.0000 
-0.7000 0.4000 1.5221 -0.7000 0.4000 1.5221 0.0000 0.0000 
-0.7000 0.5000 1.4281 -0.7000 0.5000 1.4281 0.0000 0.0000 
-0.7000 0.5000 1.7305 -0.7000 0.5000 1.7305 0.0000 0.0000 
-0.7000 0.6000 1.4505 -0.7000 0.6000 1.4505 0.0000 0.0000 
-0.7000 0.6000 1.7529 -0.7000 0.6000 1.7529 0.0000 0.0000 
-0.7000 0.7000 1.1480 -0.7000 0.7000 1.1480 0.0000 0.0000 
-0.7000 0.7000 1.4505 -0.7000 0.7000 1.4505 0.0000 0.0000 
-0.7000 0.8000 0.5215 -0.7000 0.8000 0.5215 0.0000 0.0000 
-0.7000 0.8000 0.8239 -0.7000 0.8000 0.8239 0.0000 0.0000 
-0.7000 0.9000 -0.1357 -0.7000 0.9000 -0.1357 0.0000 0.0000 
-0.7000 0.9000 0.1668 -0.7000 0.9000 0.1668 0.0000 0.0000 
-0.6000 -1.0000 0.0134 -0.6000 -1.0000 0.0134 0.0000 0.0000 
-0.6000 -1.0000 -0.0089 -0.6000 -1.0000 -0.0089 0.0000 0.0000 
-0.6000 -0.9000 0.1668 -0.6000 -0.9000 0.1668 0.0000 0.0000 
-0.6000 -0.9000 0.1444 -0.6000 -0.9000 0.1444 0.0000 0.0000 
-0.6000 -0.8000 0.8239 -0.6000 -0.8000 0.8239 0.0000 0.0000 
-0.6000 -0.8000 0.8015 -0.6000 -0.8000 0.8015 0.0000 0.0000 
-0.6000 -0.7000 1.4505 -0.6000 -0.7000 1.4505 0.0000 0.0000 
-0.6000 -0.7000 1.4281 -0.6000 -0.7000 1.4281 0.0000 0.0000 
-0.6000 -0.6000 1.7529 -0.6000 -0.6000 1.7529 0.0000 0.0000 
-0.6000 -0.6000 1.7305 -0.6000 -0.6000 1.7305 0.0000 0.0000 
-0.6000 -0.5000 1.7305 -0.6000 -0.5000 1.7305 0.0000 0.0000 
-0.6000 -0.5000 1.7082 -0.6000 -0.5000 1.7082 0.0000 0.0000 
-0.6000 -0.4000 1.5221 -0.6000 -0.4000 1.5221 0.0000 0.0000 
-0.6000 -0.4000 1.4997 -0.6000 -0.4000 1.4997 0.0000 0.0000 
-0.6000 -0.3000 1.2679 -0.6000 -0.3000 1.2679 0.0000 0.0000 
-0.6000 -0.3000 1.2456 -0.6000 -0.3000 1.2456 0.0000 0.0000 
-0.6000 -0.2000 1.0553 -0.6000 -0.2000 1.0553 0.0000 0.0000 
-0.6000 -0.2000 1.0329 -0.6000 -0.2000 1.0329 0.0000 0.0000 
-0.6000 -0.1000 0.9214 -0.6000 -0.1000 0.9214 0.0000 0.0000 
-0.6000 -0.1000 0.8991 -0.6000 -0.1000 0.8991 0.0000 0.0000 
-0.6000 0.0000 0.8765 -0.6000 0.0000 0.8765 0.0000 0.0000 
-0.6000 0.0000 0.8541 -0.6000 0.0000 0.8541 0.0000 0.0000 
-0.6000 0.1000 0.9214 -0.6000 0.1000 0.9214 0.0000 0.0000 
-0.6000 0.1000 0.8991 -0.6000 0.1000 0.8991 0.0000 0.0000 
-0.6000 0.2000 1.0553 -0.6000 0.2000 1.0553 0.0000 0.0000 
-0.6000 0.2000 1.0329 -0.6000 0.2000 1.0329 0.0000 0.0000 
-0.6000 0.3000 1.2679 -0.6000 0.3000 1.2679 0.0000 0.0000 
-0.6000 0.3000 1.2456 -0.6000 0.3000 1.2456 0.0000 0.0000 
-0.6000 0.4000 1.5221 -0.6000 0.4000 1.5221 0.0000 0.0000 
-0.6000 0.4000 1.4997 -0.6000 0.4000 1.4997 0.0000 0.0000 
-0.6000 0.5000 1.7305 -0.6000 0.5000 1.7305 0.0000 0.0000 
-0.6000 0.5000 1.7082 -0.6000 0.5000 1.7082 0.0000 0.0000 
-0.6000 0.6000 1.7529 -0.6000 0.6000 1.7529 0.0000 0.0000 
-0.6000 0.6000 1.7305 -0.6000 0.6000 1.7305 0.0000 0.0000 
-0.6000 0.7000 1.4505 -0.6000 0.7000 1.4505 0.0000 0.0000 
-0.6000 0.7000 1.4281 -0.6000 0.7000 1.4281 0.0000 0.0000 
-0.6000 0.8000 0.8239 -0.6000 0.8000 0.8239 0.0000 0.0000 
-0.6000 0.8000 0.8015 -0.6000 0.8000 0.8015 0.0000 0.0000 
-0.6000 0.9000 0.1668 -0.6000 0.9000 0.1668 0.0000 0.0000 
-0.6000 0.9000 0.1444 -0.6000 0.9000 0.1444 0.0000 0.0000 
-0.5000 -1.0000 -0.0089 -0.5000 -1.0000 -0.0089 0.0000 0.0000 
-0.5000 -1.0000 -0.2174 -0.5000 -1.0000 -0.2174 0.0000 0.0000 
-0.5000 -0.9000 0.1444 -0.5000 -0.9000 0.1444 0.0000 0.0000 
-0.5000 -0.9000 -0.0641 -0.5000 -0.9000 -0.0641 0.0000 0.0000 
-0.5000 -0.8000 0.8015 -0.5000 -0.8000 0.8015 0.0000 0.0000 
-0.5000 -0.8000 0.5931 -0.5000 -0.8000 0.5931 0.0000 0.0000 
-0.5000 -0.7000 1.4281 -0.5000 -0.7000 1.4281 0.0000 0.0000 
-0.5000 -0.7000 1.2196 -0.5000 -0.7000 1.2196 0.0000 0.0000 
-0.5000 -0.6000 1.7305 -0.5000 -0.6000 1.7305 0.0000 0.0000 
-0.5000 -0.6000 1.5221 -0.5000 -0.6000 1.5221 0.0000 0.0000 
-0.5000 -0.5000 1.7082 -0.5000 -0.5000 1.7082 0.0000 0.0000 
-0.5000 -0.5000 1.4997 -0.5000 -0.5000 1.4997 0.0000 0.0000 
-0.5000 -0.4000 1.4997 -0.5000 -0.4000 1.4997 0.0000 0.0000 
-0.5000 -0.4000 1.2912 -0.5000 -0.4000 1.2912 0.0000 0.0000 
-0.5000 -0.3000 1.2456 -0.5000 -0.3000 1.2456 0.0000 0.0000 
-0.5000 -0.3000 1.0371 -0.5000 -0.3000 1.0371 0.0000 0.0000 
-0.5000 -0.2000 1.0329 -0.5000 -0.2000 1.0329 0.0000 0.0000 
-0.5000 -0.2000 0.8244 -0.5000 -0.2000 0.8244 0.0000 0.0000 
-0.5000 -0.1000 0.8991 -0.5000 -0.1000 0.8991 0.0000 0.0000 
-0.5000 -0.1000 0.6906 -0.5000 -0.1000 0.6906 0.0000 0.0000 
-0.5000 0.0000 0.8541 -0.5000 0.0000 0.8541 0.0000 0.0000 
-0.5000 0.0000 0.6456 -0.5000 0.0000 0.6456 0.0000 0.0000 
-0.5000 0.1000 0.8991 -0.5000 0.1000 0.8991 0.0000 0.0000 
-0.5000 0.1000 0.6906 -0.5000 0.1000 0.6906 0.0000 0.0000 
-0.5000 0.2000 1.0329 -0.5000 0.2000 1.0329 0.0000 0.0000 
-0.5000 0.2000 0.8244 -0.5000 0.2000 0.8244 0.0000 0.0000 
-0.5000 0.3000 1.2456 -0.5000 0.3000 1.2456 0.0000 0.0000 
-0.5000 0.3000 1.0371 -0.5000 0.3000 1.0371 0.0000 0.0000 
-0.5000 0.4000 1.4997 -0.5000 0.4000 1.4997 0.0000 0.0000 
-0.5000 0.4000 1.2912 -0.5000 0.4000 1.2912 0.0000 0.0000 
-0.5000 0.5000 1.7082 -0.5000 0.5000 1.7082 0.0000 0.0000 
-0.5000 0.5000 1.4997 -0.5000 0.5000 1.4997 0.0000 0.0000 
-0.5000 0.6000 1.7305 -0.5000 0.6000 1.7305 0.0000 0.0000 
-0.5000 0.6000 1.5221 -0.5000 0.6000 1.5221 0.0000 0.0000 
-0.5000 0.7000 1.4281 -0.5000 0.7000 1.4281 0.0000 0.0000 
-0.5000 0.7000 1.2196 -0.5000 0.7000 1.2196 0.0000 0.0000 
-0.5000 0.8000 0.8015 -0.5000 0.8000 0.8015 0.0000 0.0000 
-0.5000 0.8000 0.5931 -0.5000 0.8000 0.5931 0.0000 0.0000 
-0.5000 0.9000 0.1444 -0.5000 0.9000 0.1444 0.0000 0.0000 
-0.5000 0.9000 -0.0641 -0.5000 0.9000 -0.0641 0.0000 0.0000 
-0.4000 -1.0000 -0.2174 -0.4000 -1.0000 -0.2174 0.0000 0.0000 
-0.4000 -1.0000 -0.4716 -0.4000 -1.0000 -0.4716 0.0000 0.0000 
-0.4000 -0.9000 -0.0641 -0.4000 -0.9000 -0.0641 0.0000 0.0000 
-0.4000 -0.9000 -0.3182 -0.4000 -0.9000 -0.3182 0.0000 0.0000 
-0.4000 -0.8000 0.5931 -0.4000 -0.8000 0.5931 0.0000 0.0000 
-0.4000 -0.8000 0.3389 -0.4000 -0.8000 0.3389 0.0000 0.0000 
-0.4000 -0.7000 1.2196 -0.4000 -0.7000 1.2196 0.0000 0.0000 
-0.4000 -0.7000 0.9655 -0.4000 -0.7000 0.9655 0.0000 0.0000 
-0.4000 -0.6000 1.5221 -0.4000 -0.6000 1.5221 0.0000 0.0000 
-0.4000 -0.6000 1.2679 -0.4000 -0.6000 1.2679 0.0000 0.0000 
-0.4000 -0.5000 1.4997 -0.4000 -0.5000 1.4997 0.0000 0.0000 
-0.4000 -0.5000 1.2456 -0.4000 -0.5000 1.2456 0.0000 0.0000 
-0.4000 -0.4000 1.2912 -0.4000 -0.4000 1.2912 0.0000 0.0000 
-0.4000 -0.4000 1.0371 -0.4000 -0.4000 1.0371 0.0000 0.0000 
-0.4000 -0.3000 1.0371 -0.4000 -0.3000 1.0371 0.0000 0.0000 
-0.4000 -0.3000 0.7829 -0.4000 -0.3000 0.7829 0.0000 0.0000 
-0.4000 -0.2000 0.8244 -0.4000 -0.2000 0.8244 0.0000 0.0000 
-0.4000 -0.2000 0.5703 -0.4000 -0.2000 0.5703 0.0000 0.0000 
-0.4000 -0.1000 0.6906 -0.4000 -0.1000 0.6906 0.0000 0.0000 
-0.4000 -0.1000 0.4364 -0.4000 -0.1000 0.4364 0.0000 0.0000 
-0.4000 0.0000 0.6456 -0.4000 0.0000 0.6456 0.0000 0.0000 
-0.4000 0.0000 0.3915 -0.4000 0.0000 0.3915 0.0000 0.0000 
-0.4000 0.1000 0.6906 -0.4000 0.1000 0.6906 0.0000 0.0000 
-0.4000 0.1000 0.4365 -0.4000 0.1000 0.4365 0.0000 0.0000 
-0.4000 0.2000 0.8244 -0.4000 0.2000 0.8244 0.0000 0.0000 
-0.4000 0.2000 0.5703 -0.4000 0.2000 0.5703 0.0000 0.0000 
-0.4000 0.3000 1.0371 -0.4000 0.3000 1.0371 0.0000 0.0000 
-0.4000 0.3000 0.7829 -0.4000 0.3000 0.7829 0.0000 0.0000 
-0.4000 0.4000 1.2912 -0.4000 0.4000 1.2912 0.0000 0.0000 
-0.4000 0.4000 1.0371 -0.4000 0.4000 1.0371 0.0000 0.0000 
-0.4000 0.5000 1.4997 -0.4000 0.5000 1.4997 0.0000 0.0000 
-0.4000 0.5000 1.2456 -0.4000 0.5000 1.2456 0.0000 0.0000 
-0.4000 0.6000 1.5221 -0.4000 0.6000 1.5221 0.0000 0.0000 
-0.4000 0.6000 1.2679 -0.4000 0.6000 1.2679 0.0000 0.0000 
-0.4000 0.7000 1.2196 -0.4000 0.7000 1.2196 0.0000 0.0000 
-0.4000 0.7000 0.9655 -0.4000 0.7000 0.9655 0.0000 0.0000 
-0.4000 0.8000 0.5931 -0.4000 0.8000 0.5931 0.0000 0.0000 
-0.4000 0.8000 0.3389 -0.4000 0.8000 0.3389 0.0000 0.0000 
-0.4000 0.9000 -0.0641 -0.4000 0.9000 -0.0641 0.0000 0.0000 
-0.4000 0.9000 -0.3182 -0.4000 0.9000 -0.3182 0.0000 0.0000 
-0.3000 -1.0000 -0.4716 -0.3000 -1.0000 -0.4716 0.0000 0.0000 
-0.3000 -1.0000 -0.6842 -0.3000 -1.0000 -0.6842 0.0000 0.0000 
-0.3000 -0.9000 -0.3182 -0.3000 -0.9000 -0.3182 0.0000 0.0000 
-0.3000 -0.9000 -0.5309 -0.3000 -0.9000 -0.5309 0.0000 0.0000 
-0.3000 -0.8000 0.3389 -0.3000 -0.8000 0.3389 0.0000 0.0000 
-0.3000 -0.8000 0.1263 -0.3000 -0.8000 0.1263 0.0000 0.0000 
-0.3000 -0.7000 0.9655 -0.3000 -0.7000 0.9655 0.0000 0.0000 
-0.3000 -0.7000 0.7528 -0.3000 -0.7000 0.7528 0.0000 0.0000 
-0.3000 -0.6000 1.2679 -0.3000 -0.6000 1.2679 0.0000 0.0000 
-0.3000 -0.6000 1.0553 -0.3000 -0.6000 1.0553 0.0000 0.0000 
-0.3000 -0.5000 1.2456 -0.3000 -0.5000 1.2456 0.0000 0.0000 
-0.3000 -0.5000 1.0329 -0.3000 -0.5000 1.0329 0.0000 0.0000 
-0.3000 -0.4000 1.0371 -0.3000 -0.4000 1.0371 0.0000 0.0000 
-0.3000 -0.4000 0.8244 -0.3000 -0.4000 0.8244 0.0000 0.0000 
-0.3000 -0.3000 0.7829 -0.3000 -0.3000 0.7829 0.0000 0.0000 
-0.3000 -0.3000 0.5703 -0.3000 -0.3000 0.5703 0.0000 0.0000 
-0.3000 -0.2000 0.5703 -0.3000 -0.2000 0.5703 0.0000 0.0000 
-0.3000 -0.2000 0.3576 -0.3000 -0.2000 0.3576 0.0000 0.0000 
-0.3000 -0.1000 0.4364 -0.3000 -0.1000 0.4364 0.0000 0.0000 
-0.3000 -0.1000 0.2238 -0.3000 -0.1000 0.2238 0.0000 0.0000 
-0.3000 0.0000 0.3915 -0.3000 0.0000 0.3915 0.0000 0.0000 
-0.3000 0.0000 0.1788 -0.3000 0.0000 0.1788 0.0000 0.0000 
-0.3000 0.1000 0.4365 -0.3000 0.1000 0.4365 0.0000 0.0000 
-0.3000 0.1000 0.2238 -0.3000 0.1000 0.2238 0.0000 0.0000 
-0.3000 0.2000 0.5703 -0.3000 0.2000 0.5703 0.0000 0.0000 
-0.3000 0.2000 0.3576 -0.3000 0.2000 0.3576 0.0000 0.0000 
-0.3000 0.3000 0.7829 -0.3000 0.3000 0.7829 0.0000 0.0000 
-0.3000 0.3000 0.5703 -0.3000 0.3000 0.5703 0.0000 0.0000 
-0.3000 0.4000 1.0371 -0.3000 0.4000 1.0371 0.0000 0.0000 
-0.3000 0.4000 0.8244 -0.3000 0.4000 0.8244 0.0000 0.0000 
-0.3000 0.5000 1.2456 -0.3000 0.5000 1.2456 0.0000 0.0000 
-0.3000 0.5000 1.0329 -0.3000 0.5000 1.0329 0.0000 0.0000 
-0.3000 0.6000 1.2679 -0.3000 0.6000 1.2679 0.0000 0.0000 
-0.3000 0.6000 1.0553 -0.3000 0.6000 1.0553 0.0000 0.0000 
-0.3000 0.7000 0.9655 -0.3000 0.7000 0.9655 0.0000 0.0000 
-0.3000 0.7000 0.7528 -0.3000 0.7000 0.7528 0.0000 0.0000 
-0.3000 0.8000 0.3389 -0.3000 0.8000 0.3389 0.0000 0.0000 
-0.3000 0.8000 0.1263 -0.3000 0.8000 0.1263 0.0000 0.0000 
-0.3000 0.9000 -0.3182 -0.3000 0.9000 -0.3182 0.0000 0.0000 
-0.3000 0.9000 -0.5309 -0.3000 0.9000 -0.5309 0.0000 0.0000 
-0.2000 -1.0000 -0.6842 -0.2000 -1.0000 -0.6842 0.0000 0.0000 
-0.2000 -1.0000 -0.8181 -0.2000 -1.0000 -0.8181 0.0000 0.0000 
-0.2000 -0.9000 -0.5309 -0.2000 -0.9000 -0.5309 0.0000 0.0000 
-0.2000 -0.9000 -0.6647 -0.2000 -0.9000 -0.6647 0.0000 0.0000 
-0.2000 -0.8000 0.1263 -0.2000 -0.8000 0.1263 0.0000 0.0000 
-0.2000 -0.8000 -0.0076 -0.2000 -0.8000 -0.0076 0.0000 0.0000 
-0.2000 -0.7000 0.7528 -0.2000 -0.7000 0.7528 0.0000 0.0000 
-0.2000 -0.7000 0.6190 -0.2000 -0.7000 0.6190 0.0000 0.0000 
-0.2000 -0.6000 1.0553 -0.2000 -0.6000 1.0553 0.0000 0.0000 
-0.2000 -0.6000 0.9214 -0.2000 -0.6000 0.9214 0.0000 0.0000 
-0.2000 -0.5000 1.0329 -0.2000 -0.5000 1.0329 0.0000 0.0000 
-0.2000 -0.5000 0.8991 -0.2000 -0.5000 0.8991 0.0000 0.0000 
-0.2000 -0.4000 0.8244 -0.2000 -0.4000 0.8244 0.0000 0.0000 
-0.2000 -0.4000 0.6906 -0.2000 -0.4000 0.6906 0.0000 0.0000 
-0.2000 -0.3000 0.5703 -0.2000 -0.3000 0.5703 0.0000 0.0000 
-0.2000 -0.3000 0.4364 -0.2000 -0.3000 0.4364 0.0000 0.0000 
-0.2000 -0.2000 0.3576 -0.2000 -0.2000 0.3576 0.0000 0.0000 
-0.2000 -0.2000 0.2238 -0.2000 -0.2000 0.2238 0.0000 0.0000 
-0.2000 -0.1000 0.2238 -0.2000 -0.1000 0.2238 0.0000 0.0000 
-0.2000 -0.1000 0.0900 -0.2000 -0.1000 0.0900 0.0000 0.0000 
-0.2000 0.0000 0.1788 -0.2000 0.0000 0.1788 0.0000 0.0000 
-0.2000 0.0000 0.0450 -0.2000 0.0000 0.0450 0.0000 0.0000 
-0.2000 0.1000 0.2238 -0.2000 0.1000 0.2238 0.0000 0.0000 
-0.2000 0.1000 0.0900 -0.2000 0.1000 0.0900 0.0000 0.0000 
-0.2000 0.2000 0.3576 -0.2000 0.2000 0.3576 0.0000 0.0000 
-0.2000 0.2000 0.2238 -0.2000 0.2000 0.2238 0.0000 0.0000 
-0.2000 0.3000 0.5703 -0.2000 0.3000 0.5703 0.0000 0.0000 
-0.2000 0.3000 0.4365 -0.2000 0.3000 0.4365 0.0000 0.0000 
-0.2000 0.4000 0.8244 -0.2000 0.4000 0.8244 0.0000 0.0000 
-0.2000 0.4000 0.6906 -0.2000 0.4000 0.6906 0.0000 0.0000 
-0.2000 0.5000 1.0329 -0.2000 0.5000 1.0329 0.0000 0.0000 
-0.2000 0.5000 0.8991 -0.2000 0.5000 0.8991 0.0000 0.0000 
-0.2000 0.6000 1.0553 -0.2000 0.6000 1.0553 0.0000 0.0000 
-0.2000 0.6000 0.9214 -0.2000 0.6000 0.9214 0.0000 0.0000 
-0.2000 0.7000 0.7528 -0.2000 0.7000 0.7528 0.0000 0.0000 
-0.2000 0.7000 0.6190 -0.2000 0.7000 0.6190 0.0000 0.0000 
-0.2000 0.8000 0.1263 -0.2000 0.8000 0.1263 0.0000 0.0000 
-0.2000 0.8000 -0.0076 -0.2000 0.8000 -0.0076 0.0000 0.0000 
-0.2000 0.9000 -0.5309 -0.2000 0.9000 -0.5309 0.0000 0.0000 
-0.2000 0.9000 -0.6647 -0.2000 0.9000 -0.6647 0.0000 0.0000 
-0.1000 -1.0000 -0.8181 -0.1000 -1.0000 -0.8181 0.0000 0.0000 
-0.1000 -1.0000 -0.8630 -0.1000 -1.0000 -0.8630 0.0000 0.0000 
-0.1000 -0.9000 -0.6647 -0.1000 -0.9000 -0.6647 0.0000 0.0000 
-0.1000 -0.9000 -0.7097 -0.1000 -0.9000 -0.7097 0.0000 0.0000 
-0.1000 -0.8000 -0.0076 -0.1000 -0.8000 -0.0076 0.0000 0.0000 
-0.1000 -0.8000 -0.0525 -0.1000 -0.8000 -0.0525 0.0000 0.0000 
-0.1000 -0.7000 0.6190 -0.1000 -0.7000 0.6190 0.0000 0.0000 
-0.1000 -0.7000 0.5740 -0.1000 -0.7000 0.5740 0.0000 0.0000 
-0.1000 -0.6000 0.9214 -0.1000 -0.6000 0.9214 0.0000 0.0000 
-0.1000 -0.6000 0.8765 -0.1000 -0.6000 0.8765 0.0000 0.0000 
-0.1000 -0.5000 0.8991 -0.1000 -0.5000 0.8991 0.0000 0.0000 
-0.1000 -0.5000 0.8541 -0.1000 -0.5000 0.8541 0.0000 0.0000 
-0.1000 -0.4000 0.6906 -0.1000 -0.4000 0.6906 0.0000 0.0000 
-0.1000 -0.4000 0.6456 -0.1000 -0.4000 0.6456 0.0000 0.0000 
-0.1000 -0.3000 0.4364 -0.1000 -0.3000 0.4364 0.0000 0.0000 
-0.1000 -0.3000 0.3915 -0.1000 -0.3000 0.3915 0.0000 0.0000 
-0.1000 -0.2000 0.2238 -0.1000 -0.2000 0.2238 0.0000 0.0000 
-0.1000 -0.2000 0.1788 -0.1000 -0.2000 0.1788 0.0000 0.0000 
-0.1000 -0.1000 0.0900 -0.1000 -0.1000 0.0900 0.0000 0.0000 
-0.1000 -0.1000 0.0450 -0.1000 -0.1000 0.0450 0.0000 0.0000 
-0.1000 0.0000 0.0450 -0.1000 0.0000 0.0450 0.0000 0.0000 
-0.1000 0.0000 0.0000 -0.1000 0.0000 0.0000 0.0000 0.0000 
-0.1000 0.1000 0.0900 -0.1000 0.1000 0.0900 0.0000 0.0000 
-0.1000 0.1000 0.0450 -0.1000 0.1000 0.0450 0.0000 0.0000 
-0.1000 0.2000 0.2238 -0.1000 0.2000 0.2238 0.0000 0.0000 
-0.1000 0.2000 0.1788 -0.1000 0.2000 0.1788 0.0000 0.0000 
-0.1000 0.3000 0.4365 -0.1000 0.3000 0.4365 0.0000 0.0000 
-0.1000 0.3000 0.3915 -0.1000 0.3000 0.3915 0.0000 0.0000 
-0.1000 0.4000 0.6906 -0.1000 0.4000 0.6906 0.0000 0.0000 
-0.1000 0.4000 0.6456 -0.1000 0.4000 0.6456 0.0000 0.0000 
-0.1000 0.5000 0.8991 -0.1000 0.5000 0.8991 0.0000 0.0000 
-0.1000 0.5000 0.8541 -0.1000 0.5000 0.8541 0.0000 0.0000 
-0.1000 0.6000 0.9214 -0.1000 0.6000 0.9214 0.0000 0.0000 
-0.1000 0.6000 0.8765 -0.1000 0.6000 0.8765 0.0000 0.0000 
-0.1000 0.7000 0.6190 -0.1000 0.7000 0.6190 0.0000 0.0000 
-0.1000 0.7000 0.5740 -0.1000 0.7000 0.5740 0.0000 0.0000 
-0.1000 0.8000 -0.0076 -0.1000 0.8000 -0.0076 0.0000 0.0000 
-0.1000 0.8000 -0.0525 -0.1000 0.8000 -0.0525 0.0000 0.0000 
-0.1000 0.9000 -0.6647 -0.1000 0.9000 -0.6647 0.0000 0.0000 
-0.1000 0.9000 -0.7097 -0.1000 0.9000 -0.7097 0.0000 0.0000 
0.0000 -1.0000 -0.8630 0.0000 -1.0000 -0.8630 0.0000 0.0000 
0.0000 -1.0000 -0.8181 0.0000 -1.0000 -0.8181 0.0000 0.0000 
0.0000 -0.9000 -0.7097 0.0000 -0.9000 -0.7097 0.0000 0.0000 
0.0000 -0.9000 -0.6647 0.0000 -0.9000 -0.6647 0.0000 0.0000 
0.0000 -0.8000 -0.0525 0.0000 -0.8000 -0.0525 0.0000 0.0000 
0.0000 -0.8000 -0.0076 0.0000 -0.8000 -0.0076 0.0000 0.0000 
0.0000 -0.7000 0.5740 0.0000 -0.7000 0.5740 0.0000 0.0000 
0.0000 -0.7000 0.6190 0.0000 -0.7000 0.6190 0.0000 0.0000 
0.0000 -0.6000 0.8765 0.0000 -0.6000 0.8765 0.0000 0.0000 
0.0000 -0.6000 0.9214 0.0000 -0.6000 0.9214 0.0000 0.0000 
0.0000 -0.5000 0.8541 0.0000 -0.5000 0.8541 0.0000 0.0000 
0.0000 -0.5000 0.8991 0.0000 -0.5000 0.8991 0.0000 0.0000 
0.0000 -0.4000 0.6456 0.0000 -0.4000 0.6456 0.0000 0.0000 
0.0000 -0.4000 0.6906 0.0000 -0.4000 0.6906 0.0000 0.0000 
0.0000 -0.3000 0.3915 0.0000 -0.3000 0.3915 0.0000 0.0000 
0.0000 -0.3000 0.4365 0.0000 -0.3000 0.4365 0.0000 0.0000 
0.0000 -0.2000 0.1788 0.0000 -0.2000 0.1788 0.0000 0.0000 
0.0000 -0.2000 0.2238 0.0000 -0.2000 0.2238 0.0000 0.0000 
0.0000 -0.1000 0.0450 0.0000 -0.1000 0.0450 0.0000 0.0000 
0.0000 -0.1000 0.0900 0.0000 -0.1000 0.0900 0.0000 0.0000 
0.0000 0.0000 0.0000 0.0000 0.0000 0.0000 0.0000 0.0000 
0.0000 0.0000 0.0450 0.0000 0.0000 0.0450 0.0000 0.0000 
0.0000 0.1000 0.0450 0.0000 0.1000 0.0450 0.0000 0.0000 
0.0000 0.1000 0.0900 0.0000 0.1000 0.0900 0.0000 0.0000 
0.0000 0.2000 0.1788 0.0000 0.2000 0.1788 0.0000 0.0000 
0.0000 0.2000 0.2238 0.0000 0.2000 0.2238 0.0000 0.0000 
0.0000 0.3000 0.3915 0.0000 0.3000 0.3915 0.0000 0.0000 
0.0000 0.3000 0.4365 0.0000 0.3000 0.4365 0.0000 0.0000 
0.0000 0.4000 0.6456 0.0000 0.4000 0.6456 0.0000 0.0000 
0.0000 0.4000 0.6906 0.0000 0.4000 0.6906 0.0000 0.0000 
0.0000 0.5000 0.8541 0.0000 0.5000 0.8541 0.0000 0.0000 
0.0000 0.5000 0.8991 0.0000 0.5000 0.8991 0.0000 0.0000 
0.0000 0.6000 0.8765 0.0000 0.6000 0.8765 0.0000 0.0000 
0.0000 0.6000 0.9214 0.0000 0.6000 0.9214 0.0000 0.0000 
0.0000 0.7000 0.5740 0.0000 0.7000 0.5740 0.0000 0.0000 
0.0000 0.7000 0.6190 0.0000 0.7000 0.6190 0.0000 0.0000 
0.0000 0.8000 -0.0525 0.0000 0.8000 -0.0525 0.0000 0.0000 
0.0000 0.8000 -0.0076 0.0000 0.8000 -0.0076 0.0000 0.0000 
0.0000 0.9000 -0.7097 0.0000 0.9000 -0.7097 0.0000 0.0000 
0.0000 0.9000 -0.6647 0.0000 0.9000 -0.6647 0.0000 0.0000 
0.1000 -1.0000 -0.8181 0.1000 -1.0000 -0.8181 0.0000 0.0000 
0.1000 -1.0000 -0.6842 0.1000 -1.0000 -0.6842 0.0000 0.0000 
0.1000 -0.9000 -0.6647 0.1000 -0.9000 -0.6647 0.0000 0.0000 
0.1000 -0.9000 -0.5309 0.1000 -0.9000 -0.5309 0.0000 0.0000 
0.1000 -0.8000 -0.0076 0.1000 -0.8000 -0.0076 0.0000 0.0000 
0.1000 -0.8000 0.1263 0.1000 -0.8000 0.1263 0.0000 0.0000 
0.1000 -0.7000 0.6190 0.1000 -0.7000 0.6190 0.0000 0.0000 
0.1000 -0.7000 0.7528 0.1000 -0.7000 0.7528 0.0000 0.0000 
0.1000 -0.6000 0.9214 0.1000 -0.6000 0.9214 0.0000 0.0000 
0.1000 -0.6000 1.0553 0.1000 -0.6000 1.0553 0.0000 0.0000 
0.1000 -0.5000 0.8991 0.1000 -0.5000 0.8991 0.0000 0.0000 
0.1000 -0.5000 1.0329 0.1000 -0.5000 1.0329 0.0000 0.0000 
0.1000 -0.4000 0.6906 0.1000 -0.4000 0.6906 0.0000 0.0000 
0.1000 -0.4000 0.8244 0.1000 -0.4000 0.8244 0.0000 0.0000 
0.1000 -0.3000 0.4365 0.1000 -0.3000 0.4365 0.0000 0.0000 
0.1000 -0.3000 0.5703 0.1000 -0.3000 0.5703 0.0000 0.0000 
0.1000 -0.2000 0.2238 0.1000 -0.2000 0.2238 0.0000 0.0000 
0.1000 -0.2000 0.3576 0.1000 -0.2000 0.3576 0.0000 0.0000 
0.1000 -0.1000 0.0900 0.1000 -0.1000 0.0900 0.0000 0.0000 
0.1000 -0.1000 0.2238 0.1000 -0.1000 0.2238 0.0000 0.0000 
0.1000 0.0000 0.0450 0.1000 0.0000 0.0450 0.0000 0.0000 
0.1000 0.0000 0.1788 0.1000 0.0000 0.1788 0.0000 0.0000 
0.1000 0.1000 0.0900 0.1000 0.1000 0.0900 0.0000 0.0000 
0.1000 0.1000 0.2238 0.1000 0.1000 0.2238 0.0000 0.0000 
0.1000 0.2000 0.2238 0.1000 0.2000 0.2238 0.0000 0.0000 
0.1000 0.2000 0.3576 0.1000 0.2000 0.3576 0.0000 0.0000 
0.1000 0.3000 0.4365 0.1000 0.3000 0.4365 0.0000 0.0000 
0.1000 0.3000 0.5703 0.1000 0.3000 0.5703 0.0000 0.0000 
0.1000 0.4000 0.6906 0.1000 0.4000 0.6906 0.0000 0.0000 
0.1000 0.4000 0.8244 0.1000 0.4000 0.8244 0.0000 0.0000 
0.1000 0.5000 0.8991 0.1000 0.5000 0.8991 0.0000 0.0000 
0.1000 0.5000 1.0329 0.1000 0.5000 1.0329 0.0000 0.0000 
0.1000 0.6000 0.9214 0.1000 0.6000 0.9214 0.0000 0.0000 
0.1000 0.6000 1.0553 0.1000 0.6000 1.0553 0.0000 0.0000 
0.1000 0.7000 0.6190 0.1000 0.7000 0.6190 0.0000 0.0000 
0.1000 0.7000 0.7528 0.1000 0.7000 0.7528 0.0000 0.0000 
0.1000 0.8000 -0.0076 0.1000 0.8000 -0.0076 0.0000 0.0000 
0.1000 0.8000 0.1263 0.1000 0.8000 0.1263 0.0000 0.0000 
0.1000 0.9000 -0.6647 0.1000 0.9000 -0.6647 0.0000 0.0000 
0.1000 0.9000 -0.5309 0.1000 0.9000 -0.5309 0.0000 0.0000 
0.2000 -1.0000 -0.6842 0.2000 -1.0000 -0.6842 0.0000 0.0000 
0.2000 -1.0000 -0.4716 0.2000 -1.0000 -0.4716 0.0000 0.0000 
0.2000 -0.9000 -0.5309 0.2000 -0.9000 -0.5309 0.0000 0.0000 
0.2000 -0.9000 -0.3182 0.2000 -0.9000 -0.3182 0.0000 0.0000 
0.2000 -0.8000 0.1263 0.2000 -0.8000 0.1263 0.0000 0.0000 
0.2000 -0.8000 0.3389 0.2000 -0.8000 0.3389 0.0000 0.0000 
0.2000 -0.7000 0.7528 0.2000 -0.7000 0.7528 0.0000 0.0000 
0.2000 -0.7000 0.9655 0.2000 -0.7000 0.9655 0.0000 0.0000 
0.2000 -0.6000 1.0553 0.2000 -0.6000 1.0553 0.0000 0.0000 
0.2000 -0.6000 1.2679 0.2000 -0.6000 1.2679 0.0000 0.0000 
0.2000 -0.5000 1.0329 0.2000 -0.5000 1.0329 0.0000 0.0000 
0.2000 -0.5000 1.2456 0.2000 -0.5000 1.2456 0.0000 0.0000 
0.2000 -0.4000 0.8244 0.2000 -0.4000 0.8244 0.0000 0.0000 
0.2000 -0.4000 1.0371 0.2000 -0.4000 1.0371 0.0000 0.0000 
0.2000 -0.3000 0.5703 0.2000 -0.3000 0.5703 0.0000 0.0000 
0.2000 -0.3000 0.7829 0.2000 -0.3000 0.7829 0.0000 0.0000 
0.2000 -0.2000 0.3576 0.2000 -0.2000 0.3576 0.0000 0.0000 
0.2000 -0.2000 0.5703 0.2000 -0.2000 0.5703 0.0000 0.0000 
0.2000 -0.1000 0.2238 0.2000 -0.1000 0.2238 0.0000 0.0000 
0.2000 -0.1000 0.4365 0.2000 -0.1000 0.4365 0.0000 0.0000 
0.2000 0.0000 0.1788 0.2000 0.0000 0.1788 0.0000 0.0000 
0.2000 0.0000 0.3915 0.2000 0.0000 0.3915 0.0000 0.0000 
0.2000 0.1000 0.2238 0.2000 0.1000 0.2238 0.0000 0.0000 
0.2000 0.1000 0.4365 0.2000 0.1000 0.4365 0.0000 0.0000 
0.2000 0.2000 0.3576 0.2000 0.2000 0.3576 0.0000 0.0000 
0.2000 0.2000 0.5703 0.2000 0.2000 0.5703 0.0000 0.0000 
0.2000 0.3000 0.5703 0.2000 0.3000 0.5703 0.0000 0.0000 
0.2000 0.3000 0.7829 0.2000 0.3000 0.7829 0.0000 0.0000 
0.2000 0.4000 0.8244 0.2000 0.4000 0.8244 0.0000 0.0000 
0.2000 0.4000 1.0371 0.2000 0.4000 1.0371 0.0000 0.0000 
0.2000 0.5000 1.0329 0.2000 0.5000 1.0329 0.0000 0.0000 
0.2000 0.5000 1.2456 0.2000 0.5000 1.2456 0.0000 0.0000 
0.2000 0.6000 1.0553 0.2000 0.6000 1.0553 0.0000 0.0000 
0.2000 0.6000 1.2679 0.2000 0.6000 1.2679 0.0000 0.0000 
0.2000 0.7000 0.7528 0.2000 0.7000 0.7528 0.0000 0.0000 
0.2000 0.7000 0.9655 0.2000 0.7000 0.9655 0.0000 0.0000 
0.2000 0.8000 0.1263 0.2000 0.8000 0.1263 0.0000 0.0000 
0.2000 0.8000 0.3389 0.2000 0.8000 0.3389 0.0000 0.0000 
0.2000 0.9000 -0.5309 0.2000 0.9000 -0.5309 0.0000 0.0000 
0.2000 0.9000 -0.3182 0.2000 0.9000 -0.3182 0.0000 0.0000 
0.3000 -1.0000 -0.4716 0.3000 -1.0000 -0.4716 0.0000 0.0000 
0.3000 -1.0000 -0.2174 0.3000 -1.0000 -0.2174 0.0000 0.0000 
0.3000 -0.9000 -0.3182 0.3000 -0.9000 -0.3182 0.0000 0.0000 
0.3000 -0.9000 -0.0641 0.3000 -0.9000 -0.0641 0.0000 0.0000 
0.3000 -0.8000 0.3389 0.3000 -0.8000 0.3389 0.0000 0.0000 
0.3000 -0.8000 0.5931 0.3000 -0.8000 0.5931 0.0000 0.0000 
0.3000 -0.7000 0.9655 0.3000 -0.7000 0.9655 0.0000 0.0000 
0.3000 -0.7000 1.2196 0.3000 -0.7000 1.2196 0.0000 0.0000 
0.3000 -0.6000 1.2679 0.3000 -0.6000 1.2679 0.0000 0.0000 
0.3000 -0.6000 1.5221 0.3000 -0.6000 1.5221 0.0000 0.0000 
0.3000 -0.5000 1.2456 0.3000 -0.5000 1.2456 0.0000 0.0000 
0.3000 -0.5000 1.4997 0.3000 -0.5000 1.4997 0.0000 0.0000 
0.3000 -0.4000 1.0371 0.3000 -0.4000 1.0371 0.0000 0.0000 
0.3000 -0.4000 1.2912 0.3000 -0.4000 1.2912 0.0000 0.0000 
0.3000 -0.3000 0.7829 0.3000 -0.3000 0.7829 0.0000 0.0000 
0.3000 -0.3000 1.0371 0.3000 -0.3000 1.0371 0.0000 0.0000 
0.3000 -0.2000 0.5703 0.3000 -0.2000 0.5703 0.0000 0.0000 
0.3000 -0.2000 0.8244 0.3000 -0.2000 0.8244 0.0000 0.0000 
0.3000 -0.1000 0.4365 0.3000 -0.1000 0.4365 0.0000 0.0000 
0.3000 -0.1000 0.6906 0.3000 -0.1000 0.6906 0.0000 0.0000 
0.3000 0.0000 0.3915 0.3000 0.0000 0.3915 0.0000 0.0000 
0.3000 0.0000 0.6456 0.3000 0.0000 0.6456 0.0000 0.0000 
0.3000 0.1000 0.4365 0.3000 0.1000 0.4365 0.0000 0.0000 
0.3000 0.1000 0.6906 0.3000 0.1000 0.6906 0.0000 0.0000 
0.3000 0.2000 0.5703 0.3000 0.2000 0.5703 0.0000 0.0000 
0.3000 0.2000 0.8244 0.3000 0.2000 0.8244 0.0000 0.0000 
0.3000 0.3000 0.7829 0.3000 0.3000 0.7829 0.0000 0.0000 
0.3000 0.3000 1.0371 0.3000 0.3000 1.0371 0.0000 0.0000 
0.3000 0.4000 1.0371 0.3000 0.4000 1.0371 0.0000 0.0000 
0.3000 0.4000 1.2912 0.3000 0.4000 1.2912 0.0000 0.0000 
0.3000 0.5000 1.2456 0.3000 0.5000 1.2456 0.0000 0.0000 
0.3000 0.5000 1.4997 0.3000 0.5000 1.4997 0.0000 0.0000 
0.3000 0.6000 1.2679 0.3000 0.6000 1.2679 0.0000 0.0000 
0.3000 0.6000 1.5221 0.3000 0.6000 1.5221 0.0000 0.0000 
0.3000 0.7000 0.9655 0.3000 0.7000 0.9655 0.0000 0.0000 
0.3000 0.7000 1.2196 0.3000 0.7000 1.2196 0.0000 0.0000 
0.3000 0.8000 0.3389 0.3000 0.8000 0.3389 0.0000 0.0000 
0.3000 0.8000 0.5931 0.3000 0.8000 0.5931 0.0000 0.0000 
0.3000 0.9000 -0.3182 0.3000 0.9000 -0.3182 0.0000 0.0000 
0.3000 0.9000 -0.0641 0.3000 0.9000 -0.0641 0.0000 0.0000 
0.4000 -1.0000 -0.2174 0.4000 -1.0000 -0.2174 0.0000 0.0000 
0.4000 -1.0000 -0.0089 0.4000 -1.0000 -0.0089 0.0000 0.0000 
0.4000 -0.9000 -0.0641 0.4000 -0.9000 -0.0641 0.0000 0.0000 
0.4000 -0.9000 0.1444 0.4000 -0.9000 0.1444 0.0000 0.0000 
0.4000 -0.8000 0.5931 0.4000 -0.8000 0.5931 0.0000 0.0000 
0.4000 -0.8000 0.8015 0.4000 -0.8000 0.8015 0.0000 0.0000 
0.4000 -0.7000 1.2196 0.4000 -0.7000 1.2196 0.0000 0.0000 
0.4000 -0.7000 1.4281 0.4000 -0.7000 1.4281 0.0000 0.0000 
0.4000 -0.6000 1.5221 0.4000 -0.6000 1.5221 0.0000 0.0000 
0.4000 -0.6000 1.7305 0.4000 -0.6000 1.7305 0.0000 0.0000 
0.4000 -0.5000 1.4997 0.4000 -0.5000 1.4997 0.0000 0.0000 
0.4000 -0.5000 1.7082 0.4000 -0.5000 1.7082 0.0000 0.0000 
0.4000 -0.4000 1.2912 0.4000 -0.4000 1.2912 0.0000 0.0000 
0.4000 -0.4000 1.4997 0.4000 -0.4000 1.4997 0.0000 0.0000 
0.4000 -0.3000 1.0371 0.4000 -0.3000 1.0371 0.0000 0.0000 
0.4000 -0.3000 1.2456 0.4000 -0.3000 1.2456 0.0000 0.0000 
0.4000 -0.2000 0.8244 0.4000 -0.2000 0.8244 0.0000 0.0000 
0.4000 -0.2000 1.0329 0.4000 -0.2000 1.0329 0.0000 0.0000 
0.4000 -0.1000 0.6906 0.4000 -0.1000 0.6906 0.0000 0.0000 
0.4000 -0.1000 0.8991 0.4000 -0.1000 0.8991 0.0000 0.0000 
0.4000 0.0000 0.6456 0.4000 0.0000 0.6456 0.0000 0.0000 
0.4000 0.0000 0.8541 0.4000 0.0000 0.8541 0.0000 0.0000 
0.4000 0.1000 0.6906 0.4000 0.1000 0.6906 0.0000 0.0000 
0.4000 0.1000 0.8991 0.4000 0.1000 0.8991 0.0000 0.0000 
0.4000 0.2000 0.8244 0.4000 0.2000 0.8244 0.0000 0.0000 
0.4000 0.2000 1.0329 0.4000 0.2000 1.0329 0.0000 0.0000 
0.4000 0.3000 1.0371 0.4000 0.3000 1.0371 0.0000 0.0000 
0.4000 0.3000 1.2456 0.4000 0.3000 1.2456 0.0000 0.0000 
0.4000 0.4000 1.2912 0.4000 0.4000 1.2912 0.0000 0.0000 
0.4000 0.4000 1.4997 0.4000 0.4000 1.4997 0.0000 0.0000 
0.4000 0.5000 1.4997 0.4000 0.5000 1.4997 0.0000 0.0000 
0.4000 0.5000 1.7082 0.4000 0.5000 1.7082 0.0000 0.0000 
0.4000 0.6000 1.5221 0.4000 0.6000 1.5221 0.0000 0.0000 
0.4000 0.6000 1.7305 0.4000 0.6000 1.7305 0.0000 0.0000 
0.4000 0.7000 1.2196 0.4000 0.7000 1.2196 0.0000 0.0000 
0.4000 0.7000 1.4281 0.4000 0.7000 1.4281 0.0000 0.0000 
0.4000 0.8000 0.5931 0.4000 0.8000 0.5931 0.0000 0.0000 
0.4000 0.8000 0.8015 0.4000 0.8000 0.8015 0.0000 0.0000 
0.4000 0.9000 -0.0641 0.4000 0.9000 -0.0641 0.0000 0.0000 
0.4000 0.9000 0.1444 0.4000 0.9000 0.1444 0.0000 0.0000 
0.5000 -1.0000 -0.0089 0.5000 -1.0000 -0.0089 0.0000 0.0000 
0.5000 -1.0000 0.0134 0.5000 -1.0000 0.0134 0.0000 0.0000 
0.5000 -0.9000 0.1444 0.5000 -0.9000 0.1444 0.0000 0.0000 
0.5000 -0.9000 0.1668 0.5000 -0.9000 0.1668 0.0000 0.0000 
0.5000 -0.8000 0.8015 0.5000 -0.8000 0.8015 0.0000 0.0000 
0.5000 -0.8000 0.8239 0.5000 -0.8000 0.8239 0.0000 0.0000 
0.5000 -0.7000 1.4281 0.5000 -0.7000 1.4281 0.0000 0.0000 
0.5000 -0.7000 1.4505 0.5000 -0.7000 1.4505 0.0000 0.0000 
0.5000 -0.6000 1.7305 0.5000 -0.6000 1.7305 0.0000 0.0000 
0.5000 -0.6000 1.7529 0.5000 -0.6000 1.7529 0.0000 0.0000 
0.5000 -0.5000 1.7082 0.5000 -0.5000 1.7082 0.0000 0.0000 
0.5000 -0.5000 1.7305 0.5000 -0.5000 1.7305 0.0000 0.0000 
0.5000 -0.4000 1.4997 0.5000 -0.4000 1.4997 0.0000 0.0000 
0.5000 -0.4000 1.5221 0.5000 -0.4000 1.5221 0.0000 0.0000 
0.5000 -0.3000 1.2456 0.5000 -0.3000 1.2456 0.0000 0.0000 
0.5000 -0.3000 1.2679 0.5000 -0.3000 1.2679 0.0000 0.0000 
0.5000 -0.2000 1.0329 0.5000 -0.2000 1.0329 0.0000 0.0000 
0.5000 -0.2000 1.0553 0.5000 -0.2000 1.0553 0.0000 0.0000 
0.5000 -0.1000 0.8991 0.5000 -0.1000 0.8991 0.0000 0.0000 
0.5000 -0.1000 0.9214 0.5000 -0.1000 0.9214 0.0000 0.0000 
0.5000 0.0000 0.8541 0.5000 0.0000 0.8541 0.0000 0.0000 
0.5000 0.0000 0.8765 0.5000 0.0000 0.8765 0.0000 0.0000 
0.5000 0.1000 0.8991 0.5000 0.1000 0.8991 0.0000 0.0000 
0.5000 0.1000 0.9214 0.5000 0.1000 0.9214 0.0000 0.0000 
0.5000 0.2000 1.0329 0.5000 0.2000 1.0329 0.0000 0.0000 
0.5000 0.2000 1.0553 0.5000 0.2000 1.0553 0.0000 0.0000 
0.5000 0.3000 1.2456 0.5000 0.3000 1.2456 0.0000 0.0000 
0.5000 0.3000 1.2679 0.5000 0.3000 1.2679 0.0000 0.0000 
0.5000 0.4000 1.4997 0.5000 0.4000 1.4997 0.0000 0.0000 
0.5000 0.4000 1.5221 0.5000 0.4000 1.5221 0.0000 0.0000 
0.5000 0.5000 1.7082 0.5000 0.5000 1.7082 0.0000 0.0000 
0.5000 0.5000 1.7305 0.5000 0.5000 1.7305 0.0000 0.0000 
0.5000 0.6000 1.7305 0.5000 0.6000 1.7305 0.0000 0.0000 
0.5000 0.6000 1.7529 0.5000 0.6000 1.7529 0.0000 0.0000 
0.5000 0.7000 1.4281 0.5000 0.7000 1.4281 0.0000 0.0000 
0.5000 0.7000 1.4505 0.5000 0.7000 1.4505 0.0000 0.0000 
0.5000 0.8000 0.8015 0.5000 0.8000 0.8015 0.0000 0.0000 
0.5000 0.8000 0.8239 0.5000 0.8000 0.8239 0.0000 0.0000 
0.5000 0.9000 0.1444 0.5000 0.9000 0.1444 0.0000 0.0000 
0.5000 0.9000 0.1668 0.5000 0.9000 0.1668 0.0000 0.0000 
0.6000 -1.0000 0.0134 0.6000 -1.0000 0.0134 0.0000 0.0000 
0.6000 -1.0000 -0.2890 0.6000 -1.0000 -0.2890 0.0000 0.0000 
0.6000 -0.9000 0.1668 0.6000 -0.9000 0.1668 0.0000 0.0000 
0.6000 -0.9000 -0.1357 0.6000 -0.9000 -0.1357 0.0000 0.0000 
0.6000 -0.8000 0.8239 0.6000 -0.8000 0.8239 0.0000 0.0000 
0.6000 -0.8000 0.5215 0.6000 -0.8000 0.5215 0.0000 0.0000 
0.6000 -0.7000 1.4505 0.6000 -0.7000 1.4505 0.0000 0.0000 
0.6000 -0.7000 1.1480 0.6000 -0.7000 1.1480 0.0000 0.0000 
0.6000 -0.6000 1.7529 0.6000 -0.6000 1.7529 0.0000 0.0000 
0.6000 -0.6000 1.4505 0.6000 -0.6000 1.4505 0.0000 0.0000 
0.6000 -0.5000 1.7305 0.6000 -0.5000 1.7305 0.0000 0.0000 
0.6000 -0.5000 1.4281 0.6000 -0.5000 1.4281 0.0000 0.0000 
0.6000 -0.4000 1.5221 0.6000 -0.4000 1.5221 0.0000 0.0000 
0.6000 -0.4000 1.2196 0.6000 -0.4000 1.2196 0.0000 0.0000 
0.6000 -0.3000 1.2679 0.6000 -0.3000 1.2679 0.0000 0.0000 
0.6000 -0.3000 0.9655 0.6000 -0.3000 0.9655 0.0000 0.0000 
0.6000 -0.2000 1.0553 0.6000 -0.2000 1.0553 0.0000 0.0000 
0.6000 -0.2000 0.7528 0.6000 -0.2000 0.7528 0.0000 0.0000 
0.6000 -0.1000 0.9214 0.6000 -0.1000 0.9214 0.0000 0.0000 
0.6000 -0.1000 0.6190 0.6000 -0.1000 0.6190 0.0000 0.0000 
0.6000 0.0000 0.8765 0.6000 0.0000 0.8765 0.0000 0.0000 
0.6000 0.0000 0.5740 0.6000 0.0000 0.5740 0.0000 0.0000 
0.6000 0.1000 0.9214 0.6000 0.1000 0.9214 0.0000 0.0000 
0.6000 0.1000 0.6190 0.6000 0.1000 0.6190 0.0000 0.0000 
0.6000 0.2000 1.0553 0.6000 0.2000 1.0553 0.0000 0.0000 
0.6000 0.2000 0.7528 0.6000 0.2000 0.7528 0.0000 0.0000 
0.6000 0.3000 1.2679 0.6000 0.3000 1.2679 0.0000 0.0000 
0.6000 0.3000 0.9655 0.6000 0.3000 0.9655 0.0000 0.0000 
0.6000 0.4000 1.5221 0.6000 0.4000 1.5221 0.0000 0.0000 
0.6000 0.4000 1.2196 0.6000 0.4000 1.2196 0.0000 0.0000 
0.6000 0.5000 1.7305 0.6000 0.5000 1.7305 0.0000 0.0000 
0.6000 0.5000 1.4281 0.6000 0.5000 1.4281 0.0000 0.0000 
0.6000 0.6000 1.7529 0.6000 0.6000 1.7529 0.0000 0.0000 
0.6000 0.6000 1.4505 0.6000 0.6000 1.4505 0.0000 0.0000 
0.6000 0.7000 1.4505 0.6000 0.7000 1.4505 0.0000 0.0000 
0.6000 0.7000 1.1480 0.6000 0.7000 1.1480 0.0000 0.0000 
0.6000 0.8000 0.8239 0.6000 0.8000 0.8239 0.0000 0.0000 
0.6000 0.8000 0.5214 0.6000 0.8000 0.5214 0.0000 0.0000 
0.6000 0.9000 0.1668 0.6000 0.9000 0.1668 0.0000 0.0000 
0.6000 0.9000 -0.1357 0.6000 0.9000 -0.1357 0.0000 0.0000 
0.7000 -1.0000 -0.2890 0.7000 -1.0000 -0.2890 0.0000 0.0000 
0.7000 -1.0000 -0.9156 0.7000 -1.0000 -0.9156 0.0000 0.0000 
0.7000 -0.9000 -0.1357 0.7000 -0.9000 -0.1357 0.0000 0.0000 
0.7000 -0.9000 -0.7622 0.7000 -0.9000 -0.7622 0.0000 0.0000 
0.7000 -0.8000 0.5215 0.7000 -0.8000 0.5215 0.0000 0.0000 
0.7000 -0.8000 -0.1051 0.7000 -0.8000 -0.1051 0.0000 0.0000 
0.7000 -0.7000 1.1480 0.7000 -0.7000 1.1480 0.0000 0.0000 
0.7000 -0.7000 0.5215 0.7000 -0.7000 0.5215 0.0000 0.0000 
0.7000 -0.6000 1.4505 0.7000 -0.6000 1.4505 0.0000 0.0000 
0.7000 -0.6000 0.8239 0.7000 -0.6000 0.8239 0.0000 0.0000 
0.7000 -0.5000 1.4281 0.7000 -0.5000 1.4281 0.0000 0.0000 
0.7000 -0.5000 0.8015 0.7000 -0.5000 0.8015 0.0000 0.0000 
0.7000 -0.4000 1.2196 0.7000 -0.4000 1.2196 0.0000 0.0000 
0.7000 -0.4000 0.5931 0.7000 -0.4000 0.5931 0.0000 0.0000 
0.7000 -0.3000 0.9655 0.7000 -0.3000 0.9655 0.0000 0.0000 
0.7000 -0.3000 0.3389 0.7000 -0.3000 0.3389 0.0000 0.0000 
0.7000 -0.2000 0.7528 0.7000 -0.2000 0.7528 0.0000 0.0000 
0.7000 -0.2000 0.1263 0.7000 -0.2000 0.1263 0.0000 0.0000 
0.7000 -0.1000 0.6190 0.7000 -0.1000 0.6190 0.0000 0.0000 
0.7000 -0.1000 -0.0076 0.7000 -0.1000 -0.0076 0.0000 0.0000 
0.7000 0.0000 0.5740 0.7000 0.0000 0.5740 0.0000 0.0000 
0.7000 0.0000 -0.0525 0.7000 0.0000 -0.0525 0.0000 0.0000 
0.7000 0.1000 0.6190 0.7000 0.1000 0.6190 0.0000 0.0000 
0.7000 0.1000 -0.0076 0.7000 0.1000 -0.0076 0.0000 0.0000 
0.7000 0.2000 0.7528 0.7000 0.2000 0.7528 0.0000 0.0000 
0.7000 0.2000 0.1263 0.7000 0.2000 0.1263 0.0000 0.0000 
0.7000 0.3000 0.9655 0.7000 0.3000 0.9655 0.0000 0.0000 
0.7000 0.3000 0.3389 0.7000 0.3000 0.3389 0.0000 0.0000 
0.7000 0.4000 1.2196 0.7000 0.4000 1.2196 0.0000 0.0000 
0.7000 0.4000 0.5931 0.7000 0.4000 0.5931 0.0000 0.0000 
0.7000 0.5000 1.4281 0.7000 0.5000 1.4281 0.0000 0.0000 
0.7000 0.5000 0.8015 0.7000 0.5000 0.8015 0.0000 0.0000 
0.7000 0.6000 1.4505 0.7000 0.6000 1.4505 0.0000 0.0000 
0.7000 0.6000 0.8239 0.7000 0.6000 0.8239 0.0000 0.0000 
0.7000 0.7000 1.1480 0.7000 0.7000 1.1480 0.0000 0.0000 
0.7000 0.7000 0.5214 0.7000 0.7000 0.5214 0.0000 0.0000 
0.7000 0.8000 0.5214 0.7000 0.8000 0.5214 0.0000 0.0000 
0.7000 0.8000 -0.1051 0.7000 0.8000 -0.1051 0.0000 0.0000 
0.7000 0.9000 -0.1357 0.7000 0.9000 -0.1357 0.0000 0.0000 
0.7000 0.9000 -0.7622 0.7000 0.9000 -0.7622 0.0000 0.0000 
0.8000 -1.0000 -0.9156 0.8000 -1.0000 -0.9156 0.0000 0.0000 
0.8000 -1.0000 -1.5727 0.8000 -1.0000 -1.5727 0.0000 0.0000 
0.8000 -0.9000 -0.7622 0.8000 -0.9000 -0.7622 0.0000 0.0000 
0.8000 -0.9000 -1.4193 0.8000 -0.9000 -1.4193 0.0000 0.0000 
0.8000 -0.8000 -0.1051 0.8000 -0.8000 -0.1051 0.0000 0.0000 
0.8000 -0.8000 -0.7622 0.8000 -0.8000 -0.7622 0.0000 0.0000 
0.8000 -0.7000 0.5215 0.8000 -0.7000 0.5215 0.0000 0.0000 
0.8000 -0.7000 -0.1357 0.8000 -0.7000 -0.1357 0.0000 0.0000 
0.8000 -0.6000 0.8239 0.8000 -0.6000 0.8239 0.0000 0.0000 
0.8000 -0.6000 0.1668 0.8000 -0.6000 0.1668 0.0000 0.0000 
0.8000 -0.5000 0.8015 0.8000 -0.5000 0.8015 0.0000 0.0000 
0.8000 -0.5000 0.1444 0.8000 -0.5000 0.1444 0.0000 0.0000 
0.8000 -0.4000 0.5931 0.8000 -0.4000 0.5931 0.0000 0.0000 
0.8000 -0.4000 -0.0641 0.8000 -0.4000 -0.0641 0.0000 0.0000 
0.8000 -0.3000 0.3389 0.8000 -0.3000 0.3389 0.0000 0.0000 
0.8000 -0.3000 -0.3182 0.8000 -0.3000 -0.3182 0.0000 0.0000 
0.8000 -0.2000 0.1263 0.8000 -0.2000 0.1263 0.0000 0.0000 
0.8000 -0.2000 -0.5309 0.8000 -0.2000 -0.5309 0.0000 0.0000 
0.8000 -0.1000 -0.0076 0.8000 -0.1000 -0.0076 0.0000 0.0000 
0.8000 -0.1000 -0.6647 0.8000 -0.1000 -0.6647 0.0000 0.0000 
0.8000 0.0000 -0.0525 0.8000 0.0000 -0.0525 0.0000 0.0000 
0.8000 0.0000 -0.7097 0.8000 0.0000 -0.7097 0.0000 0.0000 
0.8000 0.1000 -0.0076 0.8000 0.1000 -0.0076 0.0000 0.0000 
0.8000 0.1000 -0.6647 0.8000 0.1000 -0.6647 0.0000 0.0000 
0.8000 0.2000 0.1263 0.8000 0.2000 0.1263 0.0000 0.0000 
0.8000 0.2000 -0.5309 0.8000 0.2000 -0.5309 0.0000 0.0000 
0.8000 0.3000 0.3389 0.8000 0.3000 0.3389 0.0000 0.0000 
0.8000 0.3000 -0.3182 0.8000 0.3000 -0.3182 0.0000 0.0000 
0.8000 0.4000 0.5931 0.8000 0.4000 0.5931 0.0000 0.0000 
0.8000 0.4000 -0.0641 0.8000 0.4000 -0.0641 0.0000 0.0000 
0.8000 0.5000 0.8015 0.8000 0.5000 0.8015 0.0000 0.0000 
0.8000 0.5000 0.1444 0.8000 0.5000 0.1444 0.0000 0.0000 
0.8000 0.6000 0.8239 0.8000 0.6000 0.8239 0.0000 0.0000 
0.8000 0.6000 0.1668 0.8000 0.6000 0.1668 0.0000 0.0000 
0.8000 0.7000 0.5214 0.8000 0.7000 0.5214 0.0000 0.0000 
0.8000 0.7000 -0.1357 0.8000 0.7000 -0.1357 0.0000 0.0000 
0.8000 0.8000 -0.1051 0.8000 0.8000 -0.1051 0.0000 0.0000 
0.8000 0.8000 -0.7622 0.8000 0.8000 -0.7622 0.0000 0.0000 
0.8000 0.9000 -0.7622 0.8000 0.9000 -0.7622 0.0000 0.0000 
0.8000 0.9000 -1.4193 0.8000 0.9000 -1.4193 0.0000 0.0000 
0.9000 -1.0000 -1.5727 0.9000 -1.0000 -1.5727 0.0000 0.0000 
0.9000 -1.0000 -1.7261 0.9000 -1.0000 -1.7261 0.0000 0.0000 
0.9000 -0.9000 -1.4193 0.9000 -0.9000 -1.4193 0.0000 0.0000 
0.9000 -0.9000 -1.5727 0.9000 -0.9000 -1.5727 0.0000 0.0000 
0.9000 -0.8000 -0.7622 0.9000 -0.8000 -0.7622 0.0000 0.0000 
0.9000 -0.8000 -0.9156 0.9000 -0.8000 -0.9156 0.0000 0.0000 
0.9000 -0.7000 -0.1357 0.9000 -0.7000 -0.1357 0.0000 0.0000 
0.9000 -0.7000 -0.2890 0.9000 -0.7000 -0.2890 0.0000 0.0000 
0.9000 -0.6000 0.1668 0.9000 -0.6000 0.1668 0.0000 0.0000 
0.9000 -0.6000 0.0134 0.9000 -0.6000 0.0134 0.0000 0.0000 
0.9000 -0.5000 0.1444 0.9000 -0.5000 0.1444 0.0000 0.0000 
0.9000 -0.5000 -0.0089 0.9000 -0.5000 -0.0089 0.0000 0.0000 
0.9000 -0.4000 -0.0641 0.9000 -0.4000 -0.0641 0.0000 0.0000 
0.9000 -0.4000 -0.2174 0.9000 -0.4000 -0.2174 0.0000 0.0000 
0.9000 -0.3000 -0.3182 0.9000 -0.3000 -0.3182 0.0000 0.0000 
0.9000 -0.3000 -0.4716 0.9000 -0.3000 -0.4716 0.0000 0.0000 
0.9000 -0.2000 -0.5309 0.9000 -0.2000 -0.5309 0.0000 0.0000 
0.9000 -0.2000 -0.6842 0.9000 -0.2000 -0.6842 0.0000 0.0000 
0.9000 -0.1000 -0.6647 0.9000 -0.1000 -0.6647 0.0000 0.0000 
0.9000 -0.1000 -0.8181 0.9000 -0.1000 -0.8181 0.0000 0.0000 
0.9000 0.0000 -0.7097 0.9000 0.0000 -0.7097 0.0000 0.0000 
0.9000 0.0000 -0.8630 0.9000 0.0000 -0.8630 0.0000 0.0000 
0.9000 0.1000 -0.6647 0.9000 0.1000 -0.6647 0.0000 0.0000 
0.9000 0.1000 -0.8181 0.9000 0.1000 -0.8181 0.0000 0.0000 
0.9000 0.2000 -0.5309 0.9000 0.2000 -0.5309 0.0000 0.0000 
0.9000 0.2000 -0.6842 0.9000 0.2000 -0.6842 0.0000 0.0000 
0.9000 0.3000 -0.3182 0.9000 0.3000 -0.3182 0.0000 0.0000 
0.9000 0.3000 -0.4716 0.9000 0.3000 -0.4716 0.0000 0.0000 
0.9000 0.4000 -0.0641 0.9000 0.4000 -0.0641 0.0000 0.0000 
0.9000 0.4000 -0.2174 0.9000 0.4000 -0.2174 0.0000 0.0000 
0.9000 0.5000 0.1444 0.9000 0.5000 0.1444 0.0000 0.0000 
0.9000 0.5000 -0.0089 0.9000 0.5000 -0.0089 0.0000 0.0000 
0.9000 0.6000 0.1668 0.9000 0.6000 0.1668 0.0000 0.0000 
0.9000 0.6000 0.0134 0.9000 0.6000 0.0134 0.0000 0.0000 
0.9000 0.7000 -0.1357 0.9000 0.7000 -0.1357 0.0000 0.0000 
0.9000 0.7000 -0.2890 0.9000 0.7000 -0.2890 0.0000 0.0000 
0.9000 0.8000 -0.7622 0.9000 0.8000 -0.7622 0.0000 0.0000 
0.9000 0.8000 -0.9156 0.9000 0.8000 -0.9156 0.0000 0.0000 
0.9000 0.9000 -1.4193 0.9000 0.9000 -1.4193 0.0000 0.0000 
0.9000 0.9000 -1.5727 0.9000 0.9000 -1.5727 0.0000 0.0000 
