1500
0.0000 0.0000 0.0000 0.0000 0.0000 0.0000 0.0000 0.0000 
0.0067 0.0004 0.0667 0.0000 0.0000 0.0000 0.0000 0.0000 
0.0132 0.0018 0.1333 0.0000 0.0000 0.0000 0.0000 0.0000 
0.0196 0.0040 0.2000 0.0000 0.0000 0.0000 0.0000 0.0000 
0.0257 0.0070 0.2667 0.0000 0.0000 0.0000 0.0000 0.0000 
0.0315 0.0109 0.3333 0.0000 0.0000 0.0000 0.0000 0.0000 
0.0368 0.0156 0.4000 0.0000 0.0000 0.0000 0.0000 0.0000 
0.0417 0.0210 0.4667 0.0000 0.0000 0.0000 0.0000 0.0000 
0.0459 0.0271 0.5333 0.0000 0.0000 0.0000 0.0000 0.0000 
0.0495 0.0339 0.6000 0.0000 0.0000 0.0000 0.0000 0.0000 
0.0524 0.0412 0.6667 0.0000 0.0000 0.0000 0.0000 0.0000 
0.0545 0.0491 0.7333 0.0000 0.0000 0.0000 0.0000 0.0000 
0.0557 0.0574 0.8000 0.0000 0.0000 0.0000 0.0000 0.0000 
0.0561 0.0661 0.8667 0.0000 0.0000 0.0000 0.0000 0.0000 
0.0555 0.0750 0.9333 0.0000 0.0000 0.0000 0.0000 0.0000 
0.0540 0.0841 1.0000 0.0000 0.0000 0.0000 0.0000 0.0000 
0.0515 0.0934 1.0667 0.0000 0.0000 0.0000 0.0000 0.0000 
0.0480 0.1027 1.1333 0.0000 0.0000 0.0000 0.0000 0.0000 
0.0435 0.1118 1.2000 0.0000 0.0000 0.0000 0.0000 0.0000 
0.0379 0.1209 1.2667 0.0000 0.0000 0.0000 0.0000 0.0000 
0.0314 0.1296 1.3333 0.0000 0.0000 0.0000 0.0000 0.0000 
0.0238 0.1380 1.4000 0.0000 0.0000 0.0000 0.0000 0.0000 
0.0152 0.1459 1.4667 0.0000 0.0000 0.0000 0.0000 0.0000 
0.0057 0.1532 1.5333 0.0000 0.0000 0.0000 0.0000 0.0000 
-0.0047 0.1599 1.6000 0.0000 0.0000 0.0000 0.0000 0.0000 
-0.0160 0.1659 1.6667 0.0000 0.0000 0.0000 0.0000 0.0000 
-0.0280 0.1710 1.7333 0.0000 0.0000 0.0000 0.0000 0.0000 
-0.0409 0.1753 1.8000 0.0000 0.0000 0.0000 0.0000 0.0000 
-0.0544 0.1786 1.8667 0.0000 0.0000 0.0000 0.0000 0.0000 
-0.0686 0.1808 1.9333 0.0000 0.0000 0.0000 0.0000 0.0000 
-0.0832 0.1819 2.0000 0.0000 0.0000 0.0000 0.0000 0.0000 
-0.0983 0.1818 2.0667 0.0000 0.0000 0.0000 0.0000 0.0000 
-0.1138 0.1805 2.1333 0.0000 0.0000 0.0000 0.0000 0.0000 
-0.1295 0.1779 2.2000 0.0000 0.0000 0.0000 0.0000 0.0000 
-0.1453 0.1740 2.2667 0.0000 0.0000 0.0000 0.0000 0.0000 
-0.1612 0.1687 2.3333 0.0000 0.0000 0.0000 0.0000 0.0000 
-0.1770 0.1621 2.4000 0.0000 0.0000 0.0000 0.0000 0.0000 
-0.1926 0.1541 2.4667 0.0000 0.0000 0.0000 0.0000 0.0000 
-0.2079 0.1448 2.5333 0.0000 0.0000 0.0000 0.0000 0.0000 
-0.2228 0.1340 2.6000 0.0000 0.0000 0.0000 0.0000 0.0000 
-0.2372 0.1219 2.6667 0.0000 0.0000 0.0000 0.0000 0.0000 
-0.2509 0.1085 2.7333 0.0000 0.0000 0.0000 0.0000 0.0000 
-0.2638 0.0938 2.8000 0.0000 0.0000 0.0000 0.0000 0.0000 
-0.2759 0.0778 2.8667 0.0000 0.0000 0.0000 0.0000 0.0000 
-0.2870 0.0606 2.9333 0.0000 0.0000 0.0000 0.0000 0.0000 
-0.2970 0.0423 3.0000 0.0000 0.0000 0.0000 0.0000 0.0000 
-0.3058 0.0230 3.0667 0.0000 0.0000 0.0000 0.0000 0.0000 
-0.3133 0.0026 3.1333 0.0000 0.0000 0.0000 0.0000 0.0000 
-0.3195 -0.0187 3.2000 0.0000 0.0000 0.0000 0.0000 0.0000 
-0.3241 -0.0408 3.2667 0.0000 0.0000 0.0000 0.0000 0.0000 
-0.3272 -0.0635 3.3333 0.0000 0.0000 0.0000 0.0000 0.0000 
-0.3287 -0.0869 3.4000 0.0000 0.0000 0.0000 0.0000 0.0000 
-0.3285 -0.1107 3.4667 0.0000 0.0000 0.0000 0.0000 0.0000 
-0.3266 -0.1349 3.5333 0.0000 0.0000 0.0000 0.0000 0.0000 
-0.3228 -0.1593 3.6000 0.0000 0.0000 0.0000 0.0000 0.0000 
-0.3173 -0.1838 3.6667 0.0000 0.0000 0.0000 0.0000 0.0000 
-0.3099 -0.2082 3.7333 0.0000 0.0000 0.0000 0.0000 0.0000 
-0.3006 -0.2325 3.8000 0.0000 0.0000 0.0000 0.0000 0.0000 
-0.2894 -0.2564 3.8667 0.0000 0.0000 0.0000 0.0000 0.0000 
-0.2764 -0.2799 3.9333 0.0000 0.0000 0.0000 0.0000 0.0000 
-0.2615 -0.3027 4.0000 0.0000 0.0000 0.0000 0.0000 0.0000 
-0.2447 -0.3248 4.0667 0.0000 0.0000 0.0000 0.0000 0.0000 
-0.2262 -0.3460 4.1333 0.0000 0.0000 0.0000 0.0000 0.0000 
-0.2059 -0.3661 4.2000 0.0000 0.0000 0.0000 0.0000 0.0000 
-0.1839 -0.3850 4.2667 0.0000 0.0000 0.0000 0.0000 0.0000 
-0.1604 -0.4026 4.3333 0.0000 0.0000 0.0000 0.0000 0.0000 
-0.1352 -0.4187 4.4000 0.0000 0.0000 0.0000 0.0000 0.0000 
-0.1087 -0.4332 4.4667 0.0000 0.0000 0.0000 0.0000 0.0000 
-0.0807 -0.4461 4.5333 0.0000 0.0000 0.0000 0.0000 0.0000 
-0.0516 -0.4571 4.6000 0.0000 0.0000 0.0000 0.0000 0.0000 
-0.0213 -0.4662 4.6667 0.0000 0.0000 0.0000 0.0000 0.0000 
0.0099 -0.4732 4.7333 0.0000 0.0000 0.0000 0.0000 0.0000 
0.0420 -0.4782 4.8000 0.0000 0.0000 0.0000 0.0000 0.0000 
0.0748 -0.4809 4.8667 0.0000 0.0000 0.0000 0.0000 0.0000 
0.1081 -0.4813 4.9333 0.0000 0.0000 0.0000 0.0000 0.0000 
0.1418 -0.4795 5.0000 0.0000 0.0000 0.0000 0.0000 0.0000 
0.1758 -0.4752 5.0667 0.0000 0.0000 0.0000 0.0000 0.0000 
0.2098 -0.4685 5.1333 0.0000 0.0000 0.0000 0.0000 0.0000 
0.2436 -0.4594 5.2000 0.0000 0.0000 0.0000 0.0000 0.0000 
0.2772 -0.4478 5.2667 0.0000 0.0000 0.0000 0.0000 0.0000 
0.3103 -0.4338 5.3333 0.0000 0.0000 0.0000 0.0000 0.0000 
0.3427 -0.4173 5.4000 0.0000 0.0000 0.0000 0.0000 0.0000 
0.3743 -0.3984 5.4667 0.0000 0.0000 0.0000 0.0000 0.0000 
0.4049 -0.3771 5.5333 0.0000 0.0000 0.0000 0.0000 0.0000 
0.4343 -0.3535 5.6000 0.0000 0.0000 0.0000 0.0000 0.0000 
0.4623 -0.3276 5.6667 0.0000 0.0000 0.0000 0.0000 0.0000 
0.4888 -0.2996 5.7333 0.0000 0.0000 0.0000 0.0000 0.0000 
0.5136 -0.2695 5.8000 0.0000 0.0000 0.0000 0.0000 0.0000 
0.5365 -0.2374 5.8667 0.0000 0.0000 0.0000 0.0000 0.0000 
0.5574 -0.2034 5.9333 0.0000 0.0000 0.0000 0.0000 0.0000 
0.5761 -0.1676 6.0000 0.0000 0.0000 0.0000 0.0000 0.0000 
0.5925 -0.1303 6.0667 0.0000 0.0000 0.0000 0.0000 0.0000 
0.6065 -0.0916 6.1333 0.0000 0.0000 0.0000 0.0000 0.0000 
0.6179 -0.0515 6.2000 0.0000 0.0000 0.0000 0.0000 0.0000 
0.6266 -0.0104 6.2667 0.0000 0.0000 0.0000 0.0000 0.0000 
0.6325 0.0317 6.3333 0.0000 0.0000 0.0000 0.0000 0.0000 
0.6356 0.0746 6.4000 0.0000 0.0000 0.0000 0.0000 0.0000 
0.6358 0.1180 6.4667 0.0000 0.0000 0.0000 0.0000 0.0000 
0.6330 0.1617 6.5333 0.0000 0.0000 0.0000 0.0000 0.0000 
0.6272 0.2056 6.6000 0.0000 0.0000 0.0000 0.0000 0.0000 
0.6182 0.2494 6.6667 0.0000 0.0000 0.0000 0.0000 0.0000 
0.6063 0.2930 6.7333 0.0000 0.0000 0.0000 0.0000 0.0000 
0.5912 0.3360 6.8000 0.0000 0.0000 0.0000 0.0000 0.0000 
0.5731 0.3783 6.8667 0.0000 0.0000 0.0000 0.0000 0.0000 
0.5519 0.4197 6.9333 0.0000 0.0000 0.0000 0.0000 0.0000 
0.5277 0.4599 7.0000 0.0000 0.0000 0.0000 0.0000 0.0000 
0.5006 0.4987 7.0667 0.0000 0.0000 0.0000 0.0000 0.0000 
0.4707 0.5360 7.1333 0.0000 0.0000 0.0000 0.0000 0.0000 
0.4380 0.5714 7.2000 0.0000 0.0000 0.0000 0.0000 0.0000 
0.4027 0.6049 7.2667 0.0000 0.0000 0.0000 0.0000 0.0000 
0.3648 0.6362 7.3333 0.0000 0.0000 0.0000 0.0000 0.0000 
0.3245 0.6650 7.4000 0.0000 0.0000 0.0000 0.0000 0.0000 
0.2820 0.6914 7.4667 0.0000 0.0000 0.0000 0.0000 0.0000 
0.2374 0.7149 7.5333 0.0000 0.0000 0.0000 0.0000 0.0000 
0.1910 0.7356 7.6000 0.0000 0.0000 0.0000 0.0000 0.0000 
0.1428 0.7533 7.6667 0.0000 0.0000 0.0000 0.0000 0.0000 
0.0931 0.7677 7.7333 0.0000 0.0000 0.0000 0.0000 0.0000 
0.0421 0.7789 7.8000 0.0000 0.0000 0.0000 0.0000 0.0000 
-0.0100 0.7866 7.8667 0.0000 0.0000 0.0000 0.0000 0.0000 
-0.0629 0.7908 7.9333 0.0000 0.0000 0.0000 0.0000 0.0000 
-0.1164 0.7915 8.0000 0.0000 0.0000 0.0000 0.0000 0.0000 
-0.1703 0.7885 8.0667 0.0000 0.0000 0.0000 0.0000 0.0000 
-0.2243 0.7818 8.1333 0.0000 0.0000 0.0000 0.0000 0.0000 
-0.2781 0.7714 8.2000 0.0000 0.0000 0.0000 0.0000 0.0000 
-0.3316 0.7573 8.2667 0.0000 0.0000 0.0000 0.0000 0.0000 
-0.3843 0.7394 8.3333 0.0000 0.0000 0.0000 0.0000 0.0000 
-0.4362 0.7179 8.4000 0.0000 0.0000 0.0000 0.0000 0.0000 
-0.4869 0.6927 8.4667 0.0000 0.0000 0.0000 0.0000 0.0000 
-0.5361 0.6639 8.5333 0.0000 0.0000 0.0000 0.0000 0.0000 
-0.5837 0.6316 8.6000 0.0000 0.0000 0.0000 0.0000 0.0000 
-0.6293 0.5959 8.6667 0.0000 0.0000 0.0000 0.0000 0.0000 
-0.6728 0.5569 8.7333 0.0000 0.0000 0.0000 0.0000 0.0000 
-0.7138 0.5147 8.8000 0.0000 0.0000 0.0000 0.0000 0.0000 
-0.7521 0.4696 8.8667 0.0000 0.0000 0.0000 0.0000 0.0000 
-0.7876 0.4216 8.9333 0.0000 0.0000 0.0000 0.0000 0.0000 
-0.8200 0.3709 9.0000 0.0000 0.0000 0.0000 0.0000 0.0000 
-0.8491 0.3178 9.0667 0.0000 0.0000 0.0000 0.0000 0.0000 
-0.8748 0.2624 9.1333 0.0000 0.0000 0.0000 0.0000 0.0000 
-0.8969 0.2051 9.2000 0.0000 0.0000 0.0000 0.0000 0.0000 
-0.9151 0.1459 9.2667 0.0000 0.0000 0.0000 0.0000 0.0000 
-0.9294 0.0852 9.3333 0.0000 0.0000 0.0000 0.0000 0.0000 
-0.9397 0.0233 9.4000 0.0000 0.0000 0.0000 0.0000 0.0000 
-0.9458 -0.0396 9.4667 0.0000 0.0000 0.0000 0.0000 0.0000 
-0.9477 -0.1033 9.5333 0.0000 0.0000 0.0000 0.0000 0.0000 
-0.9453 -0.1674 9.6000 0.0000 0.0000 0.0000 0.0000 0.0000 
-0.9385 -0.2316 9.6667 0.0000 0.0000 0.0000 0.0000 0.0000 
-0.9274 -0.2956 9.7333 0.0000 0.0000 0.0000 0.0000 0.0000 
-0.9118 -0.3591 9.8000 0.0000 0.0000 0.0000 0.0000 0.0000 
-0.8919 -0.4219 9.8667 0.0000 0.0000 0.0000 0.0000 0.0000 
-0.8676 -0.4837 9.9333 0.0000 0.0000 0.0000 0.0000 0.0000 
-0.8391 -0.5440 10.0000 0.0000 0.0000 0.0000 0.0000 0.0000 
-0.8063 -0.6027 10.0667 0.0000 0.0000 0.0000 0.0000 0.0000 
-0.7694 -0.6594 10.1333 0.0000 0.0000 0.0000 0.0000 0.0000 
-0.7286 -0.7139 10.2000 0.0000 0.0000 0.0000 0.0000 0.0000 
-0.6838 -0.7658 10.2667 0.0000 0.0000 0.0000 0.0000 0.0000 
-0.6354 -0.8149 10.3333 0.0000 0.0000 0.0000 0.0000 0.0000 
-0.5834 -0.8609 10.4000 0.0000 0.0000 0.0000 0.0000 0.0000 
-0.5281 -0.9036 10.4667 0.0000 0.0000 0.0000 0.0000 0.0000 
-0.4697 -0.9428 10.5333 0.0000 0.0000 0.0000 0.0000 0.0000 
-0.4085 -0.9781 10.6000 0.0000 0.0000 0.0000 0.0000 0.0000 
-0.3445 -1.0095 10.6667 0.0000 0.0000 0.0000 0.0000 0.0000 
-0.2783 -1.0366 10.7333 0.0000 0.0000 0.0000 0.0000 0.0000 
-0.2099 -1.0594 10.8000 0.0000 0.0000 0.0000 0.0000 0.0000 
-0.1397 -1.0777 10.8667 0.0000 0.0000 0.0000 0.0000 0.0000 
-0.0680 -1.0912 10.9333 0.0000 0.0000 0.0000 0.0000 0.0000 
0.0049 -1.1000 11.0000 0.0000 0.0000 0.0000 0.0000 0.0000 
0.0786 -1.1039 11.0667 0.0000 0.0000 0.0000 0.0000 0.0000 
0.1529 -1.1028 11.1333 0.0000 0.0000 0.0000 0.0000 0.0000 
0.2274 -1.0967 11.2000 0.0000 0.0000 0.0000 0.0000 0.0000 
0.3017 -1.0855 11.2667 0.0000 0.0000 0.0000 0.0000 0.0000 
0.3756 -1.0693 11.3333 0.0000 0.0000 0.0000 0.0000 0.0000 
0.4486 -1.0480 11.4000 0.0000 0.0000 0.0000 0.0000 0.0000 
0.5204 -1.0218 11.4667 0.0000 0.0000 0.0000 0.0000 0.0000 
0.5908 -0.9906 11.5333 0.0000 0.0000 0.0000 0.0000 0.0000 
0.6592 -0.9545 11.6000 0.0000 0.0000 0.0000 0.0000 0.0000 
0.7255 -0.9137 11.6667 0.0000 0.0000 0.0000 0.0000 0.0000 
0.7892 -0.8682 11.7333 0.0000 0.0000 0.0000 0.0000 0.0000 
0.8501 -0.8184 11.8000 0.0000 0.0000 0.0000 0.0000 0.0000 
0.9078 -0.7642 11.8667 0.0000 0.0000 0.0000 0.0000 0.0000 
0.9621 -0.7060 11.9333 0.0000 0.0000 0.0000 0.0000 0.0000 
1.0126 -0.6439 12.0000 0.0000 0.0000 0.0000 0.0000 0.0000 
1.0591 -0.5782 12.0667 0.0000 0.0000 0.0000 0.0000 0.0000 
1.1013 -0.5092 12.1333 0.0000 0.0000 0.0000 0.0000 0.0000 
1.1390 -0.4370 12.2000 0.0000 0.0000 0.0000 0.0000 0.0000 
1.1720 -0.3622 12.2667 0.0000 0.0000 0.0000 0.0000 0.0000 
1.2000 -0.2848 12.3333 0.0000 0.0000 0.0000 0.0000 0.0000 
1.2229 -0.2053 12.4000 0.0000 0.0000 0.0000 0.0000 0.0000 
1.2405 -0.1241 12.4667 0.0000 0.0000 0.0000 0.0000 0.0000 
1.2526 -0.0414 12.5333 0.0000 0.0000 0.0000 0.0000 0.0000 
1.2593 0.0424 12.6000 0.0000 0.0000 0.0000 0.0000 0.0000 
1.2603 0.1268 12.6667 0.0000 0.0000 0.0000 0.0000 0.0000 
1.2556 0.2116 12.7333 0.0000 0.0000 0.0000 0.0000 0.0000 
1.2452 0.2963 12.8000 0.0000 0.0000 0.0000 0.0000 0.0000 
1.2291 0.3806 12.8667 0.0000 0.0000 0.0000 0.0000 0.0000 
1.2072 0.4640 12.9333 0.0000 0.0000 0.0000 0.0000 0.0000 
1.1797 0.5462 13.0000 0.0000 0.0000 0.0000 0.0000 0.0000 
1.1465 0.6268 13.0667 0.0000 0.0000 0.0000 0.0000 0.0000 
1.1078 0.7054 13.1333 0.0000 0.0000 0.0000 0.0000 0.0000 
1.0638 0.7815 13.2000 0.0000 0.0000 0.0000 0.0000 0.0000 
1.0144 0.8550 13.2667 0.0000 0.0000 0.0000 0.0000 0.0000 
0.9600 0.9253 13.3333 0.0000 0.0000 0.0000 0.0000 0.0000 
0.9007 0.9921 13.4000 0.0000 0.0000 0.0000 0.0000 0.0000 
0.8368 1.0551 13.4667 0.0000 0.0000 0.0000 0.0000 0.0000 
0.7684 1.1140 13.5333 0.0000 0.0000 0.0000 0.0000 0.0000 
0.6959 1.1685 13.6000 0.0000 0.0000 0.0000 0.0000 0.0000 
0.6196 1.2182 13.6667 0.0000 0.0000 0.0000 0.0000 0.0000 
0.5396 1.2629 13.7333 0.0000 0.0000 0.0000 0.0000 0.0000 
0.4565 1.3023 13.8000 0.0000 0.0000 0.0000 0.0000 0.0000 
0.3705 1.3362 13.8667 0.0000 0.0000 0.0000 0.0000 0.0000 
0.2820 1.3645 13.9333 0.0000 0.0000 0.0000 0.0000 0.0000 
0.1914 1.3869 14.0000 0.0000 0.0000 0.0000 0.0000 0.0000 
0.0991 1.4032 14.0667 0.0000 0.0000 0.0000 0.0000 0.0000 
0.0054 1.4133 14.1333 0.0000 0.0000 0.0000 0.0000 0.0000 
-0.0892 1.4172 14.2000 0.0000 0.0000 0.0000 0.0000 0.0000 
-0.1842 1.4147 14.2667 0.0000 0.0000 0.0000 0.0000 0.0000 
-0.2794 1.4058 14.3333 0.0000 0.0000 0.0000 0.0000 0.0000 
-0.3741 1.3905 14.4000 0.0000 0.0000 0.0000 0.0000 0.0000 
-0.4681 1.3688 14.4667 0.0000 0.0000 0.0000 0.0000 0.0000 
-0.5608 1.3408 14.5333 0.0000 0.0000 0.0000 0.0000 0.0000 
-0.6519 1.3064 14.6000 0.0000 0.0000 0.0000 0.0000 0.0000 
-0.7408 1.2658 14.6667 0.0000 0.0000 0.0000 0.0000 0.0000 
-0.8272 1.2192 14.7333 0.0000 0.0000 0.0000 0.0000 0.0000 
-0.9107 1.1666 14.8000 0.0000 0.0000 0.0000 0.0000 0.0000 
-0.9909 1.1083 14.8667 0.0000 0.0000 0.0000 0.0000 0.0000 
-1.0673 1.0445 14.9333 0.0000 0.0000 0.0000 0.0000 0.0000 
-1.1395 0.9754 15.0000 0.0000 0.0000 0.0000 0.0000 0.0000 
-1.2073 0.9013 15.0667 0.0000 0.0000 0.0000 0.0000 0.0000 
-1.2703 0.8225 15.1333 0.0000 0.0000 0.0000 0.0000 0.0000 
-1.3281 0.7393 15.2000 0.0000 0.0000 0.0000 0.0000 0.0000 
-1.3804 0.6521 15.2667 0.0000 0.0000 0.0000 0.0000 0.0000 
-1.4270 0.5611 15.3333 0.0000 0.0000 0.0000 0.0000 0.0000 
-1.4675 0.4668 15.4000 0.0000 0.0000 0.0000 0.0000 0.0000 
-1.5019 0.3696 15.4667 0.0000 0.0000 0.0000 0.0000 0.0000 
-1.5297 0.2699 15.5333 0.0000 0.0000 0.0000 0.0000 0.0000 
-1.5509 0.1681 15.6000 0.0000 0.0000 0.0000 0.0000 0.0000 
-1.5653 0.0647 15.6667 0.0000 0.0000 0.0000 0.0000 0.0000 
-1.5728 -0.0399 15.7333 0.0000 0.0000 0.0000 0.0000 0.0000 
-1.5733 -0.1452 15.8000 0.0000 0.0000 0.0000 0.0000 0.0000 
-1.5667 -0.2508 15.8667 0.0000 0.0000 0.0000 0.0000 0.0000 
-1.5530 -0.3561 15.9333 0.0000 0.0000 0.0000 0.0000 0.0000 
-1.5323 -0.4606 16.0000 0.0000 0.0000 0.0000 0.0000 0.0000 
-1.5044 -0.5640 16.0667 0.0000 0.0000 0.0000 0.0000 0.0000 
-1.4696 -0.6658 16.1333 0.0000 0.0000 0.0000 0.0000 0.0000 
-1.4278 -0.7653 16.2000 0.0000 0.0000 0.0000 0.0000 0.0000 
-1.3793 -0.8623 16.2667 0.0000 0.0000 0.0000 0.0000 0.0000 
-1.3242 -0.9561 16.3333 0.0000 0.0000 0.0000 0.0000 0.0000 
-1.2627 -1.0465 16.4000 0.0000 0.0000 0.0000 0.0000 0.0000 
-1.1950 -1.1329 16.4667 0.0000 0.0000 0.0000 0.0000 0.0000 
-1.1214 -1.2149 16.5333 0.0000 0.0000 0.0000 0.0000 0.0000 
-1.0422 -1.2921 16.6000 0.0000 0.0000 0.0000 0.0000 0.0000 
-0.9576 -1.3641 16.6667 0.0000 0.0000 0.0000 0.0000 0.0000 
-0.8681 -1.4305 16.7333 0.0000 0.0000 0.0000 0.0000 0.0000 
-0.7739 -1.4911 16.8000 0.0000 0.0000 0.0000 0.0000 0.0000 
-0.6756 -1.5455 16.8667 0.0000 0.0000 0.0000 0.0000 0.0000 
-0.5734 -1.5933 16.9333 0.0000 0.0000 0.0000 0.0000 0.0000 
-0.4678 -1.6344 17.0000 0.0000 0.0000 0.0000 0.0000 0.0000 
-0.3593 -1.6684 17.0667 0.0000 0.0000 0.0000 0.0000 0.0000 
-0.2483 -1.6952 17.1333 0.0000 0.0000 0.0000 0.0000 0.0000 
-0.1353 -1.7147 17.2000 0.0000 0.0000 0.0000 0.0000 0.0000 
-0.0209 -1.7265 17.2667 0.0000 0.0000 0.0000 0.0000 0.0000 
0.0945 -1.7308 17.3333 0.0000 0.0000 0.0000 0.0000 0.0000 
0.2104 -1.7272 17.4000 0.0000 0.0000 0.0000 0.0000 0.0000 
0.3263 -1.7159 17.4667 0.0000 0.0000 0.0000 0.0000 0.0000 
0.4415 -1.6968 17.5333 0.0000 0.0000 0.0000 0.0000 0.0000 
0.5557 -1.6700 17.6000 0.0000 0.0000 0.0000 0.0000 0.0000 
0.6682 -1.6354 17.6667 0.0000 0.0000 0.0000 0.0000 0.0000 
0.7786 -1.5932 17.7333 0.0000 0.0000 0.0000 0.0000 0.0000 
0.8864 -1.5436 17.8000 0.0000 0.0000 0.0000 0.0000 0.0000 
0.9909 -1.4867 17.8667 0.0000 0.0000 0.0000 0.0000 0.0000 
1.0918 -1.4227 17.9333 0.0000 0.0000 0.0000 0.0000 0.0000 
1.1886 -1.3518 18.0000 0.0000 0.0000 0.0000 0.0000 0.0000 
1.2807 -1.2743 18.0667 0.0000 0.0000 0.0000 0.0000 0.0000 
1.3678 -1.1905 18.1333 0.0000 0.0000 0.0000 0.0000 0.0000 
1.4494 -1.1008 18.2000 0.0000 0.0000 0.0000 0.0000 0.0000 
1.5250 -1.0055 18.2667 0.0000 0.0000 0.0000 0.0000 0.0000 
1.5944 -0.9049 18.3333 0.0000 0.0000 0.0000 0.0000 0.0000 
1.6572 -0.7996 18.4000 0.0000 0.0000 0.0000 0.0000 0.0000 
1.7129 -0.6899 18.4667 0.0000 0.0000 0.0000 0.0000 0.0000 
1.7614 -0.5763 18.5333 0.0000 0.0000 0.0000 0.0000 0.0000 
1.8024 -0.4594 18.6000 0.0000 0.0000 0.0000 0.0000 0.0000 
1.8355 -0.3395 18.6667 0.0000 0.0000 0.0000 0.0000 0.0000 
1.8607 -0.2172 18.7333 0.0000 0.0000 0.0000 0.0000 0.0000 
1.8777 -0.0931 18.8000 0.0000 0.0000 0.0000 0.0000 0.0000 
1.8864 0.0323 18.8667 0.0000 0.0000 0.0000 0.0000 0.0000 
1.8867 0.1584 18.9333 0.0000 0.0000 0.0000 0.0000 0.0000 
1.8785 0.2848 19.0000 0.0000 0.0000 0.0000 0.0000 0.0000 
1.8619 0.4107 19.0667 0.0000 0.0000 0.0000 0.0000 0.0000 
1.8368 0.5357 19.1333 0.0000 0.0000 0.0000 0.0000 0.0000 
1.8033 0.6592 19.2000 0.0000 0.0000 0.0000 0.0000 0.0000 
1.7615 0.7805 19.2667 0.0000 0.0000 0.0000 0.0000 0.0000 
1.7115 0.8992 19.3333 0.0000 0.0000 0.0000 0.0000 0.0000 
1.6534 1.0148 19.4000 0.0000 0.0000 0.0000 0.0000 0.0000 
1.5876 1.1265 19.4667 0.0000 0.0000 0.0000 0.0000 0.0000 
1.5142 1.2340 19.5333 0.0000 0.0000 0.0000 0.0000 0.0000 
1.4335 1.3366 19.6000 0.0000 0.0000 0.0000 0.0000 0.0000 
1.3458 1.4340 19.6667 0.0000 0.0000 0.0000 0.0000 0.0000 
1.2516 1.5257 19.7333 0.0000 0.0000 0.0000 0.0000 0.0000 
1.1510 1.6111 19.8000 0.0000 0.0000 0.0000 0.0000 0.0000 
1.0446 1.6898 19.8667 0.0000 0.0000 0.0000 0.0000 0.0000 
0.9329 1.7616 19.9333 0.0000 0.0000 0.0000 0.0000 0.0000 
0.8162 1.8259 20.0000 0.0000 0.0000 0.0000 0.0000 0.0000 
0.6950 1.8825 20.0667 0.0000 0.0000 0.0000 0.0000 0.0000 
0.5700 1.9310 20.1333 0.0000 0.0000 0.0000 0.0000 0.0000 
0.4415 1.9712 20.2000 0.0000 0.0000 0.0000 0.0000 0.0000 
0.3102 2.0028 20.2667 0.0000 0.0000 0.0000 0.0000 0.0000 
0.1767 2.0256 20.3333 0.0000 0.0000 0.0000 0.0000 0.0000 
0.0415 2.0396 20.4000 0.0000 0.0000 0.0000 0.0000 0.0000 
-0.0948 2.0445 20.4667 0.0000 0.0000 0.0000 0.0000 0.0000 
-0.2315 2.0402 20.5333 0.0000 0.0000 0.0000 0.0000 0.0000 
-0.3681 2.0268 20.6000 0.0000 0.0000 0.0000 0.0000 0.0000 
-0.5039 2.0043 20.6667 0.0000 0.0000 0.0000 0.0000 0.0000 
-0.6384 1.9726 20.7333 0.0000 0.0000 0.0000 0.0000 0.0000 
-0.7708 1.9319 20.8000 0.0000 0.0000 0.0000 0.0000 0.0000 
-0.9007 1.8823 20.8667 0.0000 0.0000 0.0000 0.0000 0.0000 
-1.0274 1.8239 20.9333 0.0000 0.0000 0.0000 0.0000 0.0000 
-1.1502 1.7570 21.0000 0.0000 0.0000 0.0000 0.0000 0.0000 
-1.2687 1.6818 21.0667 0.0000 0.0000 0.0000 0.0000 0.0000 
-1.3823 1.5986 21.1333 0.0000 0.0000 0.0000 0.0000 0.0000 
-1.4904 1.5077 21.2000 0.0000 0.0000 0.0000 0.0000 0.0000 
-1.5925 1.4094 21.2667 0.0000 0.0000 0.0000 0.0000 0.0000 
-1.6882 1.3043 21.3333 0.0000 0.0000 0.0000 0.0000 0.0000 
-1.7768 1.1927 21.4000 0.0000 0.0000 0.0000 0.0000 0.0000 
-1.8581 1.0750 21.4667 0.0000 0.0000 0.0000 0.0000 0.0000 
-1.9316 0.9517 21.5333 0.0000 0.0000 0.0000 0.0000 0.0000 
-1.9969 0.8235 21.6000 0.0000 0.0000 0.0000 0.0000 0.0000 
-2.0536 0.6908 21.6667 0.0000 0.0000 0.0000 0.0000 0.0000 
-2.1015 0.5541 21.7333 0.0000 0.0000 0.0000 0.0000 0.0000 
-2.1403 0.4142 21.8000 0.0000 0.0000 0.0000 0.0000 0.0000 
-2.1697 0.2715 21.8667 0.0000 0.0000 0.0000 0.0000 0.0000 
-2.1897 0.1267 21.9333 0.0000 0.0000 0.0000 0.0000 0.0000 
-2.1999 -0.0195 22.0000 0.0000 0.0000 0.0000 0.0000 0.0000 
-2.2004 -0.1665 22.0667 0.0000 0.0000 0.0000 0.0000 0.0000 
-2.1910 -0.3136 22.1333 0.0000 0.0000 0.0000 0.0000 0.0000 
-2.1718 -0.4603 22.2000 0.0000 0.0000 0.0000 0.0000 0.0000 
-2.1427 -0.6058 22.2667 0.0000 0.0000 0.0000 0.0000 0.0000 
-2.1039 -0.7494 22.3333 0.0000 0.0000 0.0000 0.0000 0.0000 
-2.0554 -0.8905 22.4000 0.0000 0.0000 0.0000 0.0000 0.0000 
-1.9974 -1.0285 22.4667 0.0000 0.0000 0.0000 0.0000 0.0000 
-1.9302 -1.1627 22.5333 0.0000 0.0000 0.0000 0.0000 0.0000 
-1.8539 -1.2926 22.6000 0.0000 0.0000 0.0000 0.0000 0.0000 
-1.7689 -1.4173 22.6667 0.0000 0.0000 0.0000 0.0000 0.0000 
-1.6754 -1.5365 22.7333 0.0000 0.0000 0.0000 0.0000 0.0000 
-1.5740 -1.6496 22.8000 0.0000 0.0000 0.0000 0.0000 0.0000 
-1.4648 -1.7559 22.8667 0.0000 0.0000 0.0000 0.0000 0.0000 
-1.3485 -1.8549 22.9333 0.0000 0.0000 0.0000 0.0000 0.0000 
-1.2255 -1.9463 23.0000 0.0000 0.0000 0.0000 0.0000 0.0000 
-1.0963 -2.0295 23.0667 0.0000 0.0000 0.0000 0.0000 0.0000 
-0.9614 -2.1041 23.1333 0.0000 0.0000 0.0000 0.0000 0.0000 
-0.8215 -2.1697 23.2000 0.0000 0.0000 0.0000 0.0000 0.0000 
-0.6771 -2.2260 23.2667 0.0000 0.0000 0.0000 0.0000 0.0000 
-0.5288 -2.2726 23.3333 0.0000 0.0000 0.0000 0.0000 0.0000 
-0.3773 -2.3094 23.4000 0.0000 0.0000 0.0000 0.0000 0.0000 
-0.2232 -2.3360 23.4667 0.0000 0.0000 0.0000 0.0000 0.0000 
-0.0673 -2.3524 23.5333 0.0000 0.0000 0.0000 0.0000 0.0000 
0.0898 -2.3583 23.6000 0.0000 0.0000 0.0000 0.0000 0.0000 
0.2474 -2.3537 23.6667 0.0000 0.0000 0.0000 0.0000 0.0000 
0.4048 -2.3386 23.7333 0.0000 0.0000 0.0000 0.0000 0.0000 
0.5612 -2.3129 23.8000 0.0000 0.0000 0.0000 0.0000 0.0000 
0.7161 -2.2767 23.8667 0.0000 0.0000 0.0000 0.0000 0.0000 
0.8686 -2.2302 23.9333 0.0000 0.0000 0.0000 0.0000 0.0000 
1.0180 -2.1734 24.0000 0.0000 0.0000 0.0000 0.0000 0.0000 
1.1638 -2.1066 24.0667 0.0000 0.0000 0.0000 0.0000 0.0000 
1.3051 -2.0300 24.1333 0.0000 0.0000 0.0000 0.0000 0.0000 
1.4414 -1.9439 24.2000 0.0000 0.0000 0.0000 0.0000 0.0000 
1.5720 -1.8486 24.2667 0.0000 0.0000 0.0000 0.0000 0.0000 
1.6964 -1.7446 24.3333 0.0000 0.0000 0.0000 0.0000 0.0000 
1.8138 -1.6321 24.4000 0.0000 0.0000 0.0000 0.0000 0.0000 
1.9237 -1.5118 24.4667 0.0000 0.0000 0.0000 0.0000 0.0000 
2.0256 -1.3841 24.5333 0.0000 0.0000 0.0000 0.0000 0.0000 
2.1191 -1.2494 24.6000 0.0000 0.0000 0.0000 0.0000 0.0000 
2.2036 -1.1085 24.6667 0.0000 0.0000 0.0000 0.0000 0.0000 
2.2787 -0.9618 24.7333 0.0000 0.0000 0.0000 0.0000 0.0000 
2.3440 -0.8101 24.8000 0.0000 0.0000 0.0000 0.0000 0.0000 
2.3992 -0.6539 24.8667 0.0000 0.0000 0.0000 0.0000 0.0000 
2.4439 -0.4939 24.9333 0.0000 0.0000 0.0000 0.0000 0.0000 
2.4780 -0.3309 25.0000 0.0000 0.0000 0.0000 0.0000 0.0000 
2.5012 -0.1655 25.0667 0.0000 0.0000 0.0000 0.0000 0.0000 
2.5133 0.0015 25.1333 0.0000 0.0000 0.0000 0.0000 0.0000 
2.5143 0.1694 25.2000 0.0000 0.0000 0.0000 0.0000 0.0000 
2.5040 0.3374 25.2667 0.0000 0.0000 0.0000 0.0000 0.0000 
2.4825 0.5048 25.3333 0.0000 0.0000 0.0000 0.0000 0.0000 
2.4498 0.6708 25.4000 0.0000 0.0000 0.0000 0.0000 0.0000 
2.4060 0.8347 25.4667 0.0000 0.0000 0.0000 0.0000 0.0000 
2.3512 0.9957 25.5333 0.0000 0.0000 0.0000 0.0000 0.0000 
2.2856 1.1531 25.6000 0.0000 0.0000 0.0000 0.0000 0.0000 
2.2094 1.3062 25.6667 0.0000 0.0000 0.0000 0.0000 0.0000 
2.1230 1.4543 25.7333 0.0000 0.0000 0.0000 0.0000 0.0000 
2.0266 1.5966 25.8000 0.0000 0.0000 0.0000 0.0000 0.0000 
1.9207 1.7325 25.8667 0.0000 0.0000 0.0000 0.0000 0.0000 
1.8057 1.8614 25.9333 0.0000 0.0000 0.0000 0.0000 0.0000 
1.6820 1.9827 26.0000 0.0000 0.0000 0.0000 0.0000 0.0000 
1.5501 2.0957 26.0667 0.0000 0.0000 0.0000 0.0000 0.0000 
1.4107 2.1999 26.1333 0.0000 0.0000 0.0000 0.0000 0.0000 
1.2642 2.2948 26.2000 0.0000 0.0000 0.0000 0.0000 0.0000 
1.1114 2.3800 26.2667 0.0000 0.0000 0.0000 0.0000 0.0000 
0.9528 2.4549 26.3333 0.0000 0.0000 0.0000 0.0000 0.0000 
0.7891 2.5193 26.4000 0.0000 0.0000 0.0000 0.0000 0.0000 
0.6211 2.5728 26.4667 0.0000 0.0000 0.0000 0.0000 0.0000 
0.4494 2.6150 26.5333 0.0000 0.0000 0.0000 0.0000 0.0000 
0.2749 2.6458 26.6000 0.0000 0.0000 0.0000 0.0000 0.0000 
0.0983 2.6649 26.6667 0.0000 0.0000 0.0000 0.0000 0.0000 
-0.0796 2.6721 26.7333 0.0000 0.0000 0.0000 0.0000 0.0000 
-0.2581 2.6675 26.8000 0.0000 0.0000 0.0000 0.0000 0.0000 
-0.4363 2.6510 26.8667 0.0000 0.0000 0.0000 0.0000 0.0000 
-0.6135 2.6225 26.9333 0.0000 0.0000 0.0000 0.0000 0.0000 
-0.7888 2.5822 27.0000 0.0000 0.0000 0.0000 0.0000 0.0000 
-0.9614 2.5302 27.0667 0.0000 0.0000 0.0000 0.0000 0.0000 
-1.1306 2.4666 27.1333 0.0000 0.0000 0.0000 0.0000 0.0000 
-1.2956 2.3916 27.2000 0.0000 0.0000 0.0000 0.0000 0.0000 
-1.4556 2.3056 27.2667 0.0000 0.0000 0.0000 0.0000 0.0000 
-1.6099 2.2089 27.3333 0.0000 0.0000 0.0000 0.0000 0.0000 
-1.7577 2.1019 27.4000 0.0000 0.0000 0.0000 0.0000 0.0000 
-1.8985 1.9850 27.4667 0.0000 0.0000 0.0000 0.0000 0.0000 
-2.0314 1.8586 27.5333 0.0000 0.0000 0.0000 0.0000 0.0000 
-2.1559 1.7233 27.6000 0.0000 0.0000 0.0000 0.0000 0.0000 
-2.2714 1.5796 27.6667 0.0000 0.0000 0.0000 0.0000 0.0000 
-2.3773 1.4282 27.7333 0.0000 0.0000 0.0000 0.0000 0.0000 
-2.4731 1.2698 27.8000 0.0000 0.0000 0.0000 0.0000 0.0000 
-2.5583 1.1048 27.8667 0.0000 0.0000 0.0000 0.0000 0.0000 
-2.6325 0.9342 27.9333 0.0000 0.0000 0.0000 0.0000 0.0000 
-2.6953 0.7585 28.0000 0.0000 0.0000 0.0000 0.0000 0.0000 
-2.7464 0.5787 28.0667 0.0000 0.0000 0.0000 0.0000 0.0000 
-2.7854 0.3954 28.1333 0.0000 0.0000 0.0000 0.0000 0.0000 
-2.8122 0.2094 28.2000 0.0000 0.0000 0.0000 0.0000 0.0000 
-2.8266 0.0217 28.2667 0.0000 0.0000 0.0000 0.0000 0.0000 
-2.8284 -0.1671 28.3333 0.0000 0.0000 0.0000 0.0000 0.0000 
-2.8176 -0.3560 28.4000 0.0000 0.0000 0.0000 0.0000 0.0000 
-2.7942 -0.5441 28.4667 0.0000 0.0000 0.0000 0.0000 0.0000 
-2.7582 -0.7308 28.5333 0.0000 0.0000 0.0000 0.0000 0.0000 
-2.7097 -0.9150 28.6000 0.0000 0.0000 0.0000 0.0000 0.0000 
-2.6489 -1.0961 28.6667 0.0000 0.0000 0.0000 0.0000 0.0000 
-2.5759 -1.2730 28.7333 0.0000 0.0000 0.0000 0.0000 0.0000 
-2.4912 -1.4452 28.8000 0.0000 0.0000 0.0000 0.0000 0.0000 
-2.3949 -1.6116 28.8667 0.0000 0.0000 0.0000 0.0000 0.0000 
-2.2875 -1.7717 28.9333 0.0000 0.0000 0.0000 0.0000 0.0000 
-2.1694 -1.9245 29.0000 0.0000 0.0000 0.0000 0.0000 0.0000 
-2.0410 -2.0695 29.0667 0.0000 0.0000 0.0000 0.0000 0.0000 
-1.9030 -2.2059 29.1333 0.0000 0.0000 0.0000 0.0000 0.0000 
-1.7558 -2.3331 29.2000 0.0000 0.0000 0.0000 0.0000 0.0000 
-1.6001 -2.4505 29.2667 0.0000 0.0000 0.0000 0.0000 0.0000 
-1.4366 -2.5575 29.3333 0.0000 0.0000 0.0000 0.0000 0.0000 
-1.2659 -2.6535 29.4000 0.0000 0.0000 0.0000 0.0000 0.0000 
-1.0888 -2.7381 29.4667 0.0000 0.0000 0.0000 0.0000 0.0000 
-0.9060 -2.8109 29.5333 0.0000 0.0000 0.0000 0.0000 0.0000 
-0.7183 -2.8715 29.6000 0.0000 0.0000 0.0000 0.0000 0.0000 
-0.5266 -2.9195 29.6667 0.0000 0.0000 0.0000 0.0000 0.0000 
-0.3317 -2.9548 29.7333 0.0000 0.0000 0.0000 0.0000 0.0000 
-0.1344 -2.9770 29.8000 0.0000 0.0000 0.0000 0.0000 0.0000 
0.0643 -2.9860 29.8667 0.0000 0.0000 0.0000 0.0000 0.0000 
0.2637 -2.9817 29.9333 0.0000 0.0000 0.0000 0.0000 0.0000 
0.4628 -2.9641 30.0000 0.0000 0.0000 0.0000 0.0000 0.0000 
0.6606 -2.9332 30.0667 0.0000 0.0000 0.0000 0.0000 0.0000 
0.8565 -2.8891 30.1333 0.0000 0.0000 0.0000 0.0000 0.0000 
1.0494 -2.8318 30.2000 0.0000 0.0000 0.0000 0.0000 0.0000 
1.2384 -2.7617 30.2667 0.0000 0.0000 0.0000 0.0000 0.0000 
1.4228 -2.6790 30.3333 0.0000 0.0000 0.0000 0.0000 0.0000 
1.6016 -2.5839 30.4000 0.0000 0.0000 0.0000 0.0000 0.0000 
1.7740 -2.4769 30.4667 0.0000 0.0000 0.0000 0.0000 0.0000 
1.9393 -2.3584 30.5333 0.0000 0.0000 0.0000 0.0000 0.0000 
2.0967 -2.2288 30.6000 0.0000 0.0000 0.0000 0.0000 0.0000 
2.2454 -2.0887 30.6667 0.0000 0.0000 0.0000 0.0000 0.0000 
2.3847 -1.9387 30.7333 0.0000 0.0000 0.0000 0.0000 0.0000 
2.5140 -1.7794 30.8000 0.0000 0.0000 0.0000 0.0000 0.0000 
2.6327 -1.6114 30.8667 0.0000 0.0000 0.0000 0.0000 0.0000 
2.7401 -1.4355 30.9333 0.0000 0.0000 0.0000 0.0000 0.0000 
2.8357 -1.2525 31.0000 0.0000 0.0000 0.0000 0.0000 0.0000 
2.9191 -1.0631 31.0667 0.0000 0.0000 0.0000 0.0000 0.0000 
2.9898 -0.8681 31.1333 0.0000 0.0000 0.0000 0.0000 0.0000 
3.0475 -0.6685 31.2000 0.0000 0.0000 0.0000 0.0000 0.0000 
3.0919 -0.4649 31.2667 0.0000 0.0000 0.0000 0.0000 0.0000 
3.1227 -0.2585 31.3333 0.0000 0.0000 0.0000 0.0000 0.0000 
3.1396 -0.0500 31.4000 0.0000 0.0000 0.0000 0.0000 0.0000 
3.1426 0.1596 31.4667 0.0000 0.0000 0.0000 0.0000 0.0000 
3.1316 0.3694 31.5333 0.0000 0.0000 0.0000 0.0000 0.0000 
3.1066 0.5784 31.6000 0.0000 0.0000 0.0000 0.0000 0.0000 
3.0676 0.7857 31.6667 0.0000 0.0000 0.0000 0.0000 0.0000 
3.0148 0.9904 31.7333 0.0000 0.0000 0.0000 0.0000 0.0000 
2.9483 1.1916 31.8000 0.0000 0.0000 0.0000 0.0000 0.0000 
2.8684 1.3882 31.8667 0.0000 0.0000 0.0000 0.0000 0.0000 
2.7753 1.5795 31.9333 0.0000 0.0000 0.0000 0.0000 0.0000 
2.6695 1.7646 32.0000 0.0000 0.0000 0.0000 0.0000 0.0000 
2.5513 1.9425 32.0667 0.0000 0.0000 0.0000 0.0000 0.0000 
2.4213 2.1126 32.1333 0.0000 0.0000 0.0000 0.0000 0.0000 
2.2799 2.2739 32.2000 0.0000 0.0000 0.0000 0.0000 0.0000 
2.1278 2.4257 32.2667 0.0000 0.0000 0.0000 0.0000 0.0000 
1.9655 2.5674 32.3333 0.0000 0.0000 0.0000 0.0000 0.0000 
1.7938 2.6981 32.4000 0.0000 0.0000 0.0000 0.0000 0.0000 
1.6134 2.8174 32.4667 0.0000 0.0000 0.0000 0.0000 0.0000 
1.4250 2.9246 32.5333 0.0000 0.0000 0.0000 0.0000 0.0000 
1.2295 3.0192 32.6000 0.0000 0.0000 0.0000 0.0000 0.0000 
1.0278 3.1008 32.6667 0.0000 0.0000 0.0000 0.0000 0.0000 
0.8206 3.1688 32.7333 0.0000 0.0000 0.0000 0.0000 0.0000 
0.6089 3.2230 32.8000 0.0000 0.0000 0.0000 0.0000 0.0000 
0.3936 3.2630 32.8667 0.0000 0.0000 0.0000 0.0000 0.0000 
0.1757 3.2886 32.9333 0.0000 0.0000 0.0000 0.0000 0.0000 
-0.0438 3.2997 33.0000 0.0000 0.0000 0.0000 0.0000 0.0000 
-0.2641 3.2961 33.0667 0.0000 0.0000 0.0000 0.0000 0.0000 
-0.4840 3.2778 33.1333 0.0000 0.0000 0.0000 0.0000 0.0000 
-0.7027 3.2448 33.2000 0.0000 0.0000 0.0000 0.0000 0.0000 
-0.9192 3.1972 33.2667 0.0000 0.0000 0.0000 0.0000 0.0000 
-1.1324 3.1351 33.3333 0.0000 0.0000 0.0000 0.0000 0.0000 
-1.3414 3.0588 33.4000 0.0000 0.0000 0.0000 0.0000 0.0000 
-1.5453 2.9686 33.4667 0.0000 0.0000 0.0000 0.0000 0.0000 
-1.7430 2.8647 33.5333 0.0000 0.0000 0.0000 0.0000 0.0000 
-1.9339 2.7477 33.6000 0.0000 0.0000 0.0000 0.0000 0.0000 
-2.1168 2.6179 33.6667 0.0000 0.0000 0.0000 0.0000 0.0000 
-2.2910 2.4760 33.7333 0.0000 0.0000 0.0000 0.0000 0.0000 
-2.4557 2.3225 33.8000 0.0000 0.0000 0.0000 0.0000 0.0000 
-2.6101 2.1580 33.8667 0.0000 0.0000 0.0000 0.0000 0.0000 
-2.7535 1.9832 33.9333 0.0000 0.0000 0.0000 0.0000 0.0000 
-2.8851 1.7989 34.0000 0.0000 0.0000 0.0000 0.0000 0.0000 
-3.0044 1.6058 34.0667 0.0000 0.0000 0.0000 0.0000 0.0000 
-3.1108 1.4049 34.1333 0.0000 0.0000 0.0000 0.0000 0.0000 
-3.2037 1.1968 34.2000 0.0000 0.0000 0.0000 0.0000 0.0000 
-3.2827 0.9827 34.2667 0.0000 0.0000 0.0000 0.0000 0.0000 
-3.3474 0.7633 34.3333 0.0000 0.0000 0.0000 0.0000 0.0000 
-3.3974 0.5396 34.4000 0.0000 0.0000 0.0000 0.0000 0.0000 
-3.4325 0.3127 34.4667 0.0000 0.0000 0.0000 0.0000 0.0000 
-3.4523 0.0835 34.5333 0.0000 0.0000 0.0000 0.0000 0.0000 
-3.4569 -0.1469 34.6000 0.0000 0.0000 0.0000 0.0000 0.0000 
-3.4460 -0.3776 34.6667 0.0000 0.0000 0.0000 0.0000 0.0000 
-3.4198 -0.6075 34.7333 0.0000 0.0000 0.0000 0.0000 0.0000 
-3.3782 -0.8356 34.8000 0.0000 0.0000 0.0000 0.0000 0.0000 
-3.3214 -1.0608 34.8667 0.0000 0.0000 0.0000 0.0000 0.0000 
-3.2495 -1.2822 34.9333 0.0000 0.0000 0.0000 0.0000 0.0000 
-3.1629 -1.4986 35.0000 0.0000 0.0000 0.0000 0.0000 0.0000 
-3.0619 -1.7093 35.0667 0.0000 0.0000 0.0000 0.0000 0.0000 
-2.9468 -1.9131 35.1333 0.0000 0.0000 0.0000 0.0000 0.0000 
-2.8182 -2.1091 35.2000 0.0000 0.0000 0.0000 0.0000 0.0000 
-2.6764 -2.2965 35.2667 0.0000 0.0000 0.0000 0.0000 0.0000 
-2.5223 -2.4744 35.3333 0.0000 0.0000 0.0000 0.0000 0.0000 
-2.3563 -2.6419 35.4000 0.0000 0.0000 0.0000 0.0000 0.0000 
-2.1791 -2.7983 35.4667 0.0000 0.0000 0.0000 0.0000 0.0000 
-1.9916 -2.9427 35.5333 0.0000 0.0000 0.0000 0.0000 0.0000 
-1.7945 -3.0746 35.6000 0.0000 0.0000 0.0000 0.0000 0.0000 
-1.5887 -3.1933 35.6667 0.0000 0.0000 0.0000 0.0000 0.0000 
-1.3750 -3.2982 35.7333 0.0000 0.0000 0.0000 0.0000 0.0000 
-1.1544 -3.3888 35.8000 0.0000 0.0000 0.0000 0.0000 0.0000 
-0.9278 -3.4646 35.8667 0.0000 0.0000 0.0000 0.0000 0.0000 
-0.6962 -3.5252 35.9333 0.0000 0.0000 0.0000 0.0000 0.0000 
-0.4607 -3.5704 36.0000 0.0000 0.0000 0.0000 0.0000 0.0000 
-0.2222 -3.5998 36.0667 0.0000 0.0000 0.0000 0.0000 0.0000 
0.0181 -3.6133 36.1333 0.0000 0.0000 0.0000 0.0000 0.0000 
0.2593 -3.6107 36.2000 0.0000 0.0000 0.0000 0.0000 0.0000 
0.5002 -3.5920 36.2667 0.0000 0.0000 0.0000 0.0000 0.0000 
0.7397 -3.5572 36.3333 0.0000 0.0000 0.0000 0.0000 0.0000 
0.9768 -3.5065 36.4000 0.0000 0.0000 0.0000 0.0000 0.0000 
1.2104 -3.4399 36.4667 0.0000 0.0000 0.0000 0.0000 0.0000 
1.4395 -3.3578 36.5333 0.0000 0.0000 0.0000 0.0000 0.0000 
1.6631 -3.2603 36.6000 0.0000 0.0000 0.0000 0.0000 0.0000 
1.8800 -3.1480 36.6667 0.0000 0.0000 0.0000 0.0000 0.0000 
2.0893 -3.0213 36.7333 0.0000 0.0000 0.0000 0.0000 0.0000 
2.2901 -2.8806 36.8000 0.0000 0.0000 0.0000 0.0000 0.0000 
2.4814 -2.7266 36.8667 0.0000 0.0000 0.0000 0.0000 0.0000 
2.6623 -2.5598 36.9333 0.0000 0.0000 0.0000 0.0000 0.0000 
2.8320 -2.3811 37.0000 0.0000 0.0000 0.0000 0.0000 0.0000 
2.9897 -2.1911 37.0667 0.0000 0.0000 0.0000 0.0000 0.0000 
3.1347 -1.9906 37.1333 0.0000 0.0000 0.0000 0.0000 0.0000 
3.2662 -1.7806 37.2000 0.0000 0.0000 0.0000 0.0000 0.0000 
3.3836 -1.5618 37.2667 0.0000 0.0000 0.0000 0.0000 0.0000 
3.4864 -1.3353 37.3333 0.0000 0.0000 0.0000 0.0000 0.0000 
3.5739 -1.1021 37.4000 0.0000 0.0000 0.0000 0.0000 0.0000 
3.6459 -0.8631 37.4667 0.0000 0.0000 0.0000 0.0000 0.0000 
3.7019 -0.6194 37.5333 0.0000 0.0000 0.0000 0.0000 0.0000 
3.7415 -0.3721 37.6000 0.0000 0.0000 0.0000 0.0000 0.0000 
3.7647 -0.1222 37.6667 0.0000 0.0000 0.0000 0.0000 0.0000 
3.7711 0.1291 37.7333 0.0000 0.0000 0.0000 0.0000 0.0000 
3.7608 0.3807 37.8000 0.0000 0.0000 0.0000 0.0000 0.0000 
3.7336 0.6315 37.8667 0.0000 0.0000 0.0000 0.0000 0.0000 
3.6898 0.8804 37.9333 0.0000 0.0000 0.0000 0.0000 0.0000 
3.6293 1.1262 38.0000 0.0000 0.0000 0.0000 0.0000 0.0000 
3.5524 1.3679 38.0667 0.0000 0.0000 0.0000 0.0000 0.0000 
3.4594 1.6043 38.1333 0.0000 0.0000 0.0000 0.0000 0.0000 
3.3507 1.8344 38.2000 0.0000 0.0000 0.0000 0.0000 0.0000 
3.2267 2.0571 38.2667 0.0000 0.0000 0.0000 0.0000 0.0000 
3.0879 2.2715 38.3333 0.0000 0.0000 0.0000 0.0000 0.0000 
2.9348 2.4764 38.4000 0.0000 0.0000 0.0000 0.0000 0.0000 
2.7681 2.6710 38.4667 0.0000 0.0000 0.0000 0.0000 0.0000 
2.5885 2.8544 38.5333 0.0000 0.0000 0.0000 0.0000 0.0000 
2.3967 3.0258 38.6000 0.0000 0.0000 0.0000 0.0000 0.0000 
2.1936 3.1842 38.6667 0.0000 0.0000 0.0000 0.0000 0.0000 
1.9800 3.3290 38.7333 0.0000 0.0000 0.0000 0.0000 0.0000 
1.7569 3.4595 38.8000 0.0000 0.0000 0.0000 0.0000 0.0000 
1.5251 3.5749 38.8667 0.0000 0.0000 0.0000 0.0000 0.0000 
1.2858 3.6749 38.9333 0.0000 0.0000 0.0000 0.0000 0.0000 
1.0399 3.7588 39.0000 0.0000 0.0000 0.0000 0.0000 0.0000 
0.7885 3.8263 39.0667 0.0000 0.0000 0.0000 0.0000 0.0000 
0.5328 3.8769 39.1333 0.0000 0.0000 0.0000 0.0000 0.0000 
0.2738 3.9104 39.2000 0.0000 0.0000 0.0000 0.0000 0.0000 
0.0127 3.9266 39.2667 0.0000 0.0000 0.0000 0.0000 0.0000 
-0.2493 3.9254 39.3333 0.0000 0.0000 0.0000 0.0000 0.0000 
-0.5111 3.9067 39.4000 0.0000 0.0000 0.0000 0.0000 0.0000 
-0.7715 3.8705 39.4667 0.0000 0.0000 0.0000 0.0000 0.0000 
-1.0294 3.8170 39.5333 0.0000 0.0000 0.0000 0.0000 0.0000 
-1.2835 3.7462 39.6000 0.0000 0.0000 0.0000 0.0000 0.0000 
-1.5328 3.6585 39.6667 0.0000 0.0000 0.0000 0.0000 0.0000 
-1.7761 3.5543 39.7333 0.0000 0.0000 0.0000 0.0000 0.0000 
-2.0123 3.4338 39.8000 0.0000 0.0000 0.0000 0.0000 0.0000 
-2.2404 3.2976 39.8667 0.0000 0.0000 0.0000 0.0000 0.0000 
-2.4592 3.1463 39.9333 0.0000 0.0000 0.0000 0.0000 0.0000 
-2.6678 2.9805 40.0000 0.0000 0.0000 0.0000 0.0000 0.0000 
-2.8651 2.8008 40.0667 0.0000 0.0000 0.0000 0.0000 0.0000 
-3.0504 2.6080 40.1333 0.0000 0.0000 0.0000 0.0000 0.0000 
-3.2227 2.4030 40.2000 0.0000 0.0000 0.0000 0.0000 0.0000 
-3.3813 2.1866 40.2667 0.0000 0.0000 0.0000 0.0000 0.0000 
-3.5252 1.9597 40.3333 0.0000 0.0000 0.0000 0.0000 0.0000 
-3.6540 1.7234 40.4000 0.0000 0.0000 0.0000 0.0000 0.0000 
-3.7669 1.4786 40.4667 0.0000 0.0000 0.0000 0.0000 0.0000 
-3.8634 1.2264 40.5333 0.0000 0.0000 0.0000 0.0000 0.0000 
-3.9429 0.9679 40.6000 0.0000 0.0000 0.0000 0.0000 0.0000 
-4.0052 0.7042 40.6667 0.0000 0.0000 0.0000 0.0000 0.0000 
-4.0499 0.4365 40.7333 0.0000 0.0000 0.0000 0.0000 0.0000 
-4.0766 0.1660 40.8000 0.0000 0.0000 0.0000 0.0000 0.0000 
-4.0853 -0.1061 40.8667 0.0000 0.0000 0.0000 0.0000 0.0000 
-4.0758 -0.3786 40.9333 0.0000 0.0000 0.0000 0.0000 0.0000 
-4.0481 -0.6504 41.0000 0.0000 0.0000 0.0000 0.0000 0.0000 
-4.0023 -0.9201 41.0667 0.0000 0.0000 0.0000 0.0000 0.0000 
-3.9385 -1.1866 41.1333 0.0000 0.0000 0.0000 0.0000 0.0000 
-3.8569 -1.4486 41.2000 0.0000 0.0000 0.0000 0.0000 0.0000 
-3.7579 -1.7051 41.2667 0.0000 0.0000 0.0000 0.0000 0.0000 
-3.6419 -1.9548 41.3333 0.0000 0.0000 0.0000 0.0000 0.0000 
-3.5092 -2.1966 41.4000 0.0000 0.0000 0.0000 0.0000 0.0000 
-3.3604 -2.4295 41.4667 0.0000 0.0000 0.0000 0.0000 0.0000 
-3.1963 -2.6522 41.5333 0.0000 0.0000 0.0000 0.0000 0.0000 
-3.0173 -2.8638 41.6000 0.0000 0.0000 0.0000 0.0000 0.0000 
-2.8244 -3.0633 41.6667 0.0000 0.0000 0.0000 0.0000 0.0000 
-2.6182 -3.2499 41.7333 0.0000 0.0000 0.0000 0.0000 0.0000 
-2.3997 -3.4225 41.8000 0.0000 0.0000 0.0000 0.0000 0.0000 
-2.1698 -3.5805 41.8667 0.0000 0.0000 0.0000 0.0000 0.0000 
-1.9296 -3.7230 41.9333 0.0000 0.0000 0.0000 0.0000 0.0000 
-1.6799 -3.8494 42.0000 0.0000 0.0000 0.0000 0.0000 0.0000 
-1.4220 -3.9590 42.0667 0.0000 0.0000 0.0000 0.0000 0.0000 
-1.1569 -4.0514 42.1333 0.0000 0.0000 0.0000 0.0000 0.0000 
-0.8859 -4.1260 42.2000 0.0000 0.0000 0.0000 0.0000 0.0000 
-0.6100 -4.1824 42.2667 0.0000 0.0000 0.0000 0.0000 0.0000 
-0.3306 -4.2204 42.3333 0.0000 0.0000 0.0000 0.0000 0.0000 
-0.0488 -4.2397 42.4000 0.0000 0.0000 0.0000 0.0000 0.0000 
0.2342 -4.2402 42.4667 0.0000 0.0000 0.0000 0.0000 0.0000 
0.5169 -4.2218 42.5333 0.0000 0.0000 0.0000 0.0000 0.0000 
0.7983 -4.1845 42.6000 0.0000 0.0000 0.0000 0.0000 0.0000 
1.0769 -4.1285 42.6667 0.0000 0.0000 0.0000 0.0000 0.0000 
1.3517 -4.0539 42.7333 0.0000 0.0000 0.0000 0.0000 0.0000 
1.6213 -3.9610 42.8000 0.0000 0.0000 0.0000 0.0000 0.0000 
1.8845 -3.8502 42.8667 0.0000 0.0000 0.0000 0.0000 0.0000 
2.1401 -3.7219 42.9333 0.0000 0.0000 0.0000 0.0000 0.0000 
2.3870 -3.5766 43.0000 0.0000 0.0000 0.0000 0.0000 0.0000 
2.6240 -3.4150 43.0667 0.0000 0.0000 0.0000 0.0000 0.0000 
2.8501 -3.2376 43.1333 0.0000 0.0000 0.0000 0.0000 0.0000 
3.0642 -3.0452 43.2000 0.0000 0.0000 0.0000 0.0000 0.0000 
3.2653 -2.8387 43.2667 0.0000 0.0000 0.0000 0.0000 0.0000 
3.4524 -2.6189 43.3333 0.0000 0.0000 0.0000 0.0000 0.0000 
3.6248 -2.3868 43.4000 0.0000 0.0000 0.0000 0.0000 0.0000 
3.7815 -2.1433 43.4667 0.0000 0.0000 0.0000 0.0000 0.0000 
3.9219 -1.8895 43.5333 0.0000 0.0000 0.0000 0.0000 0.0000 
4.0453 -1.6265 43.6000 0.0000 0.0000 0.0000 0.0000 0.0000 
4.1510 -1.3555 43.6667 0.0000 0.0000 0.0000 0.0000 0.0000 
4.2385 -1.0776 43.7333 0.0000 0.0000 0.0000 0.0000 0.0000 
4.3074 -0.7940 43.8000 0.0000 0.0000 0.0000 0.0000 0.0000 
4.3574 -0.5061 43.8667 0.0000 0.0000 0.0000 0.0000 0.0000 
4.3881 -0.2150 43.9333 0.0000 0.0000 0.0000 0.0000 0.0000 
4.3993 0.0779 44.0000 0.0000 0.0000 0.0000 0.0000 0.0000 
4.3910 0.3713 44.0667 0.0000 0.0000 0.0000 0.0000 0.0000 
4.3631 0.6640 44.1333 0.0000 0.0000 0.0000 0.0000 0.0000 
4.3157 0.9547 44.2000 0.0000 0.0000 0.0000 0.0000 0.0000 
4.2489 1.2419 44.2667 0.0000 0.0000 0.0000 0.0000 0.0000 
4.1630 1.5245 44.3333 0.0000 0.0000 0.0000 0.0000 0.0000 
4.0583 1.8011 44.4000 0.0000 0.0000 0.0000 0.0000 0.0000 
3.9352 2.0706 44.4667 0.0000 0.0000 0.0000 0.0000 0.0000 
3.7942 2.3316 44.5333 0.0000 0.0000 0.0000 0.0000 0.0000 
3.6358 2.5831 44.6000 0.0000 0.0000 0.0000 0.0000 0.0000 
3.4608 2.8238 44.6667 0.0000 0.0000 0.0000 0.0000 0.0000 
3.2699 3.0526 44.7333 0.0000 0.0000 0.0000 0.0000 0.0000 
3.0639 3.2685 44.8000 0.0000 0.0000 0.0000 0.0000 0.0000 
2.8435 3.4705 44.8667 0.0000 0.0000 0.0000 0.0000 0.0000 
2.6099 3.6577 44.9333 0.0000 0.0000 0.0000 0.0000 0.0000 
2.3639 3.8291 45.0000 0.0000 0.0000 0.0000 0.0000 0.0000 
2.1067 3.9839 45.0667 0.0000 0.0000 0.0000 0.0000 0.0000 
1.8394 4.1215 45.1333 0.0000 0.0000 0.0000 0.0000 0.0000 
1.5630 4.2412 45.2000 0.0000 0.0000 0.0000 0.0000 0.0000 
1.2789 4.3422 45.2667 0.0000 0.0000 0.0000 0.0000 0.0000 
0.9883 4.4243 45.3333 0.0000 0.0000 0.0000 0.0000 0.0000 
0.6923 4.4869 45.4000 0.0000 0.0000 0.0000 0.0000 0.0000 
0.3925 4.5297 45.4667 0.0000 0.0000 0.0000 0.0000 0.0000 
0.0900 4.5524 45.5333 0.0000 0.0000 0.0000 0.0000 0.0000 
-0.2138 4.5550 45.6000 0.0000 0.0000 0.0000 0.0000 0.0000 
-0.5175 4.5372 45.6667 0.0000 0.0000 0.0000 0.0000 0.0000 
-0.8198 4.4992 45.7333 0.0000 0.0000 0.0000 0.0000 0.0000 
-1.1194 4.4411 45.8000 0.0000 0.0000 0.0000 0.0000 0.0000 
-1.4148 4.3630 45.8667 0.0000 0.0000 0.0000 0.0000 0.0000 
-1.7048 4.2653 45.9333 0.0000 0.0000 0.0000 0.0000 0.0000 
-1.9880 4.1482 46.0000 0.0000 0.0000 0.0000 0.0000 0.0000 
-2.2632 4.0124 46.0667 0.0000 0.0000 0.0000 0.0000 0.0000 
-2.5291 3.8583 46.1333 0.0000 0.0000 0.0000 0.0000 0.0000 
-2.7846 3.6865 46.2000 0.0000 0.0000 0.0000 0.0000 0.0000 
-3.0283 3.4979 46.2667 0.0000 0.0000 0.0000 0.0000 0.0000 
-3.2593 3.2931 46.3333 0.0000 0.0000 0.0000 0.0000 0.0000 
-3.4765 3.0731 46.4000 0.0000 0.0000 0.0000 0.0000 0.0000 
-3.6787 2.8387 46.4667 0.0000 0.0000 0.0000 0.0000 0.0000 
-3.8652 2.5911 46.5333 0.0000 0.0000 0.0000 0.0000 0.0000 
-4.0350 2.3312 46.6000 0.0000 0.0000 0.0000 0.0000 0.0000 
-4.1873 2.0601 46.6667 0.0000 0.0000 0.0000 0.0000 0.0000 
-4.3214 1.7791 46.7333 0.0000 0.0000 0.0000 0.0000 0.0000 
-4.4367 1.4894 46.8000 0.0000 0.0000 0.0000 0.0000 0.0000 
-4.5325 1.1923 46.8667 0.0000 0.0000 0.0000 0.0000 0.0000 
-4.6084 0.8889 46.9333 0.0000 0.0000 0.0000 0.0000 0.0000 
-4.6640 0.5808 47.0000 0.0000 0.0000 0.0000 0.0000 0.0000 
-4.6990 0.2692 47.0667 0.0000 0.0000 0.0000 0.0000 0.0000 
-4.7131 -0.0445 47.1333 0.0000 0.0000 0.0000 0.0000 0.0000 
-4.7063 -0.3589 47.2000 0.0000 0.0000 0.0000 0.0000 0.0000 
-4.6786 -0.6726 47.2667 0.0000 0.0000 0.0000 0.0000 0.0000 
-4.6299 -0.9841 47.3333 0.0000 0.0000 0.0000 0.0000 0.0000 
-4.5605 -1.2922 47.4000 0.0000 0.0000 0.0000 0.0000 0.0000 
-4.4705 -1.5954 47.4667 0.0000 0.0000 0.0000 0.0000 0.0000 
-4.3604 -1.8923 47.5333 0.0000 0.0000 0.0000 0.0000 0.0000 
-4.2306 -2.1816 47.6000 0.0000 0.0000 0.0000 0.0000 0.0000 
-4.0816 -2.4621 47.6667 0.0000 0.0000 0.0000 0.0000 0.0000 
-3.9140 -2.7323 47.7333 0.0000 0.0000 0.0000 0.0000 0.0000 
-3.7285 -2.9912 47.8000 0.0000 0.0000 0.0000 0.0000 0.0000 
-3.5258 -3.2374 47.8667 0.0000 0.0000 0.0000 0.0000 0.0000 
-3.3069 -3.4699 47.9333 0.0000 0.0000 0.0000 0.0000 0.0000 
-3.0727 -3.6876 48.0000 0.0000 0.0000 0.0000 0.0000 0.0000 
-2.8241 -3.8895 48.0667 0.0000 0.0000 0.0000 0.0000 0.0000 
-2.5623 -4.0747 48.1333 0.0000 0.0000 0.0000 0.0000 0.0000 
-2.2883 -4.2422 48.2000 0.0000 0.0000 0.0000 0.0000 0.0000 
-2.0034 -4.3913 48.2667 0.0000 0.0000 0.0000 0.0000 0.0000 
-1.7088 -4.5212 48.3333 0.0000 0.0000 0.0000 0.0000 0.0000 
-1.4057 -4.6314 48.4000 0.0000 0.0000 0.0000 0.0000 0.0000 
-1.0956 -4.7212 48.4667 0.0000 0.0000 0.0000 0.0000 0.0000 
-0.7797 -4.7903 48.5333 0.0000 0.0000 0.0000 0.0000 0.0000 
-0.4595 -4.8382 48.6000 0.0000 0.0000 0.0000 0.0000 0.0000 
-0.1363 -4.8648 48.6667 0.0000 0.0000 0.0000 0.0000 0.0000 
0.1883 -4.8697 48.7333 0.0000 0.0000 0.0000 0.0000 0.0000 
0.5130 -4.8530 48.8000 0.0000 0.0000 0.0000 0.0000 0.0000 
0.8363 -4.8146 48.8667 0.0000 0.0000 0.0000 0.0000 0.0000 
1.1567 -4.7546 48.9333 0.0000 0.0000 0.0000 0.0000 0.0000 
1.4729 -4.6734 49.0000 0.0000 0.0000 0.0000 0.0000 0.0000 
1.7834 -4.5711 49.0667 0.0000 0.0000 0.0000 0.0000 0.0000 
2.0868 -4.4482 49.1333 0.0000 0.0000 0.0000 0.0000 0.0000 
2.3817 -4.3051 49.2000 0.0000 0.0000 0.0000 0.0000 0.0000 
2.6668 -4.1425 49.2667 0.0000 0.0000 0.0000 0.0000 0.0000 
2.9408 -3.9610 49.3333 0.0000 0.0000 0.0000 0.0000 0.0000 
3.2025 -3.7614 49.4000 0.0000 0.0000 0.0000 0.0000 0.0000 
3.4506 -3.5444 49.4667 0.0000 0.0000 0.0000 0.0000 0.0000 
3.6840 -3.3112 49.5333 0.0000 0.0000 0.0000 0.0000 0.0000 
3.9016 -3.0625 49.6000 0.0000 0.0000 0.0000 0.0000 0.0000 
4.1025 -2.7995 49.6667 0.0000 0.0000 0.0000 0.0000 0.0000 
4.2856 -2.5234 49.7333 0.0000 0.0000 0.0000 0.0000 0.0000 
4.4502 -2.2353 49.8000 0.0000 0.0000 0.0000 0.0000 0.0000 
4.5953 -1.9364 49.8667 0.0000 0.0000 0.0000 0.0000 0.0000 
4.7204 -1.6282 49.9333 0.0000 0.0000 0.0000 0.0000 0.0000 
4.8248 -1.3119 50.0000 0.0000 0.0000 0.0000 0.0000 0.0000 
4.9080 -0.9889 50.0667 0.0000 0.0000 0.0000 0.0000 0.0000 
4.9696 -0.6606 50.1333 0.0000 0.0000 0.0000 0.0000 0.0000 
5.0092 -0.3285 50.2000 0.0000 0.0000 0.0000 0.0000 0.0000 
5.0267 0.0060 50.2667 0.0000 0.0000 0.0000 0.0000 0.0000 
5.0218 0.3412 50.3333 0.0000 0.0000 0.0000 0.0000 0.0000 
4.9945 0.6759 50.4000 0.0000 0.0000 0.0000 0.0000 0.0000 
4.9449 1.0085 50.4667 0.0000 0.0000 0.0000 0.0000 0.0000 
4.8731 1.3374 50.5333 0.0000 0.0000 0.0000 0.0000 0.0000 
4.7795 1.6613 50.6000 0.0000 0.0000 0.0000 0.0000 0.0000 
4.6644 1.9786 50.6667 0.0000 0.0000 0.0000 0.0000 0.0000 
4.5282 2.2879 50.7333 0.0000 0.0000 0.0000 0.0000 0.0000 
4.3714 2.5879 50.8000 0.0000 0.0000 0.0000 0.0000 0.0000 
4.1948 2.8771 50.8667 0.0000 0.0000 0.0000 0.0000 0.0000 
3.9991 3.1543 50.9333 0.0000 0.0000 0.0000 0.0000 0.0000 
3.7850 3.4182 51.0000 0.0000 0.0000 0.0000 0.0000 0.0000 
3.5535 3.6675 51.0667 0.0000 0.0000 0.0000 0.0000 0.0000 
3.3056 3.9012 51.1333 0.0000 0.0000 0.0000 0.0000 0.0000 
3.0424 4.1181 51.2000 0.0000 0.0000 0.0000 0.0000 0.0000 
2.7648 4.3172 51.2667 0.0000 0.0000 0.0000 0.0000 0.0000 
2.4743 4.4977 51.3333 0.0000 0.0000 0.0000 0.0000 0.0000 
2.1720 4.6585 51.4000 0.0000 0.0000 0.0000 0.0000 0.0000 
1.8592 4.7991 51.4667 0.0000 0.0000 0.0000 0.0000 0.0000 
1.5374 4.9187 51.5333 0.0000 0.0000 0.0000 0.0000 0.0000 
1.2079 5.0166 51.6000 0.0000 0.0000 0.0000 0.0000 0.0000 
0.8721 5.0925 51.6667 0.0000 0.0000 0.0000 0.0000 0.0000 
0.5316 5.1459 51.7333 0.0000 0.0000 0.0000 0.0000 0.0000 
0.1879 5.1766 51.8000 0.0000 0.0000 0.0000 0.0000 0.0000 
-0.1576 5.1843 51.8667 0.0000 0.0000 0.0000 0.0000 0.0000 
-0.5033 5.1689 51.9333 0.0000 0.0000 0.0000 0.0000 0.0000 
-0.8476 5.1305 52.0000 0.0000 0.0000 0.0000 0.0000 0.0000 
-1.1890 5.0691 52.0667 0.0000 0.0000 0.0000 0.0000 0.0000 
-1.5260 4.9850 52.1333 0.0000 0.0000 0.0000 0.0000 0.0000 
-1.8571 4.8785 52.2000 0.0000 0.0000 0.0000 0.0000 0.0000 
-2.1807 4.7500 52.2667 0.0000 0.0000 0.0000 0.0000 0.0000 
-2.4955 4.6000 52.3333 0.0000 0.0000 0.0000 0.0000 0.0000 
-2.7999 4.4292 52.4000 0.0000 0.0000 0.0000 0.0000 0.0000 
-3.0927 4.2383 52.4667 0.0000 0.0000 0.0000 0.0000 0.0000 
-3.3725 4.0279 52.5333 0.0000 0.0000 0.0000 0.0000 0.0000 
-3.6379 3.7991 52.6000 0.0000 0.0000 0.0000 0.0000 0.0000 
-3.8878 3.5528 52.6667 0.0000 0.0000 0.0000 0.0000 0.0000 
-4.1211 3.2901 52.7333 0.0000 0.0000 0.0000 0.0000 0.0000 
-4.3366 3.0121 52.8000 0.0000 0.0000 0.0000 0.0000 0.0000 
-4.5333 2.7199 52.8667 0.0000 0.0000 0.0000 0.0000 0.0000 
-4.7104 2.4149 52.9333 0.0000 0.0000 0.0000 0.0000 0.0000 
-4.8669 2.0984 53.0000 0.0000 0.0000 0.0000 0.0000 0.0000 
-5.0022 1.7717 53.0667 0.0000 0.0000 0.0000 0.0000 0.0000 
-5.1155 1.4364 53.1333 0.0000 0.0000 0.0000 0.0000 0.0000 
-5.2063 1.0938 53.2000 0.0000 0.0000 0.0000 0.0000 0.0000 
-5.2742 0.7454 53.2667 0.0000 0.0000 0.0000 0.0000 0.0000 
-5.3188 0.3929 53.3333 0.0000 0.0000 0.0000 0.0000 0.0000 
-5.3399 0.0378 53.4000 0.0000 0.0000 0.0000 0.0000 0.0000 
-5.3372 -0.3184 53.4667 0.0000 0.0000 0.0000 0.0000 0.0000 
-5.3107 -0.6741 53.5333 0.0000 0.0000 0.0000 0.0000 0.0000 
-5.2606 -1.0277 53.6000 0.0000 0.0000 0.0000 0.0000 0.0000 
-5.1869 -1.3776 53.6667 0.0000 0.0000 0.0000 0.0000 0.0000 
-5.0899 -1.7222 53.7333 0.0000 0.0000 0.0000 0.0000 0.0000 
-4.9700 -2.0600 53.8000 0.0000 0.0000 0.0000 0.0000 0.0000 
-4.8277 -2.3894 53.8667 0.0000 0.0000 0.0000 0.0000 0.0000 
-4.6636 -2.7091 53.9333 0.0000 0.0000 0.0000 0.0000 0.0000 
-4.4783 -3.0175 54.0000 0.0000 0.0000 0.0000 0.0000 0.0000 
-4.2726 -3.3132 54.0667 0.0000 0.0000 0.0000 0.0000 0.0000 
-4.0474 -3.5949 54.1333 0.0000 0.0000 0.0000 0.0000 0.0000 
-3.8036 -3.8613 54.2000 0.0000 0.0000 0.0000 0.0000 0.0000 
-3.5422 -4.1111 54.2667 0.0000 0.0000 0.0000 0.0000 0.0000 
-3.2645 -4.3433 54.3333 0.0000 0.0000 0.0000 0.0000 0.0000 
-2.9716 -4.5567 54.4000 0.0000 0.0000 0.0000 0.0000 0.0000 
-2.6647 -4.7503 54.4667 0.0000 0.0000 0.0000 0.0000 0.0000 
-2.3452 -4.9233 54.5333 0.0000 0.0000 0.0000 0.0000 0.0000 
-2.0144 -5.0748 54.6000 0.0000 0.0000 0.0000 0.0000 0.0000 
-1.6739 -5.2041 54.6667 0.0000 0.0000 0.0000 0.0000 0.0000 
-1.3251 -5.3105 54.7333 0.0000 0.0000 0.0000 0.0000 0.0000 
-0.9696 -5.3935 54.8000 0.0000 0.0000 0.0000 0.0000 0.0000 
-0.6089 -5.4528 54.8667 0.0000 0.0000 0.0000 0.0000 0.0000 
-0.2446 -5.4879 54.9333 0.0000 0.0000 0.0000 0.0000 0.0000 
0.1217 -5.4987 55.0000 0.0000 0.0000 0.0000 0.0000 0.0000 
0.4883 -5.4850 55.0667 0.0000 0.0000 0.0000 0.0000 0.0000 
0.8537 -5.4468 55.1333 0.0000 0.0000 0.0000 0.0000 0.0000 
1.2161 -5.3844 55.2000 0.0000 0.0000 0.0000 0.0000 0.0000 
1.5740 -5.2978 55.2667 0.0000 0.0000 0.0000 0.0000 0.0000 
1.9257 -5.1874 55.3333 0.0000 0.0000 0.0000 0.0000 0.0000 
2.2698 -5.0537 55.4000 0.0000 0.0000 0.0000 0.0000 0.0000 
2.6045 -4.8971 55.4667 0.0000 0.0000 0.0000 0.0000 0.0000 
2.9285 -4.7184 55.5333 0.0000 0.0000 0.0000 0.0000 0.0000 
3.2402 -4.5183 55.6000 0.0000 0.0000 0.0000 0.0000 0.0000 
3.5382 -4.2975 55.6667 0.0000 0.0000 0.0000 0.0000 0.0000 
3.8212 -4.0571 55.7333 0.0000 0.0000 0.0000 0.0000 0.0000 
4.0879 -3.7981 55.8000 0.0000 0.0000 0.0000 0.0000 0.0000 
4.3370 -3.5216 55.8667 0.0000 0.0000 0.0000 0.0000 0.0000 
4.5674 -3.2286 55.9333 0.0000 0.0000 0.0000 0.0000 0.0000 
4.7780 -2.9207 56.0000 0.0000 0.0000 0.0000 0.0000 0.0000 
4.9679 -2.5990 56.0667 0.0000 0.0000 0.0000 0.0000 0.0000 
5.1361 -2.2649 56.1333 0.0000 0.0000 0.0000 0.0000 0.0000 
5.2818 -1.9200 56.2000 0.0000 0.0000 0.0000 0.0000 0.0000 
5.4044 -1.5658 56.2667 0.0000 0.0000 0.0000 0.0000 0.0000 
5.5032 -1.2037 56.3333 0.0000 0.0000 0.0000 0.0000 0.0000 
5.5778 -0.8354 56.4000 0.0000 0.0000 0.0000 0.0000 0.0000 
5.6277 -0.4625 56.4667 0.0000 0.0000 0.0000 0.0000 0.0000 
5.6527 -0.0867 56.5333 0.0000 0.0000 0.0000 0.0000 0.0000 
5.6525 0.2904 56.6000 0.0000 0.0000 0.0000 0.0000 0.0000 
5.6273 0.6671 56.6667 0.0000 0.0000 0.0000 0.0000 0.0000 
5.5769 1.0417 56.7333 0.0000 0.0000 0.0000 0.0000 0.0000 
5.5015 1.4126 56.8000 0.0000 0.0000 0.0000 0.0000 0.0000 
5.4016 1.7780 56.8667 0.0000 0.0000 0.0000 0.0000 0.0000 
5.2773 2.1364 56.9333 0.0000 0.0000 0.0000 0.0000 0.0000 
5.1292 2.4862 57.0000 0.0000 0.0000 0.0000 0.0000 0.0000 
4.9580 2.8256 57.0667 0.0000 0.0000 0.0000 0.0000 0.0000 
4.7643 3.1533 57.1333 0.0000 0.0000 0.0000 0.0000 0.0000 
4.5490 3.4678 57.2000 0.0000 0.0000 0.0000 0.0000 0.0000 
4.3129 3.7675 57.2667 0.0000 0.0000 0.0000 0.0000 0.0000 
4.0570 4.0511 57.3333 0.0000 0.0000 0.0000 0.0000 0.0000 
3.7825 4.3174 57.4000 0.0000 0.0000 0.0000 0.0000 0.0000 
3.4906 4.5651 57.4667 0.0000 0.0000 0.0000 0.0000 0.0000 
3.1824 4.7930 57.5333 0.0000 0.0000 0.0000 0.0000 0.0000 
2.8593 5.0002 57.6000 0.0000 0.0000 0.0000 0.0000 0.0000 
2.5228 5.1855 57.6667 0.0000 0.0000 0.0000 0.0000 0.0000 
2.1743 5.3483 57.7333 0.0000 0.0000 0.0000 0.0000 0.0000 
1.8152 5.4876 57.8000 0.0000 0.0000 0.0000 0.0000 0.0000 
1.4473 5.6027 57.8667 0.0000 0.0000 0.0000 0.0000 0.0000 
1.0721 5.6933 57.9333 0.0000 0.0000 0.0000 0.0000 0.0000 
0.6912 5.7587 58.0000 0.0000 0.0000 0.0000 0.0000 0.0000 
0.3064 5.7986 58.0667 0.0000 0.0000 0.0000 0.0000 0.0000 
-0.0806 5.8128 58.1333 0.0000 0.0000 0.0000 0.0000 0.0000 
-0.4682 5.8011 58.2000 0.0000 0.0000 0.0000 0.0000 0.0000 
-0.8546 5.7637 58.2667 0.0000 0.0000 0.0000 0.0000 0.0000 
-1.2381 5.7004 58.3333 0.0000 0.0000 0.0000 0.0000 0.0000 
-1.6169 5.6117 58.4000 0.0000 0.0000 0.0000 0.0000 0.0000 
-1.9894 5.4978 58.4667 0.0000 0.0000 0.0000 0.0000 0.0000 
-2.3539 5.3591 58.5333 0.0000 0.0000 0.0000 0.0000 0.0000 
-2.7088 5.1963 58.6000 0.0000 0.0000 0.0000 0.0000 0.0000 
-3.0524 5.0100 58.6667 0.0000 0.0000 0.0000 0.0000 0.0000 
-3.3832 4.8010 58.7333 0.0000 0.0000 0.0000 0.0000 0.0000 
-3.6998 4.5701 58.8000 0.0000 0.0000 0.0000 0.0000 0.0000 
-4.0005 4.3184 58.8667 0.0000 0.0000 0.0000 0.0000 0.0000 
-4.2842 4.0469 58.9333 0.0000 0.0000 0.0000 0.0000 0.0000 
-4.5494 3.7568 59.0000 0.0000 0.0000 0.0000 0.0000 0.0000 
-4.7949 3.4492 59.0667 0.0000 0.0000 0.0000 0.0000 0.0000 
-5.0197 3.1257 59.1333 0.0000 0.0000 0.0000 0.0000 0.0000 
-5.2227 2.7875 59.2000 0.0000 0.0000 0.0000 0.0000 0.0000 
-5.4029 2.4361 59.2667 0.0000 0.0000 0.0000 0.0000 0.0000 
-5.5594 2.0731 59.3333 0.0000 0.0000 0.0000 0.0000 0.0000 
-5.6915 1.7000 59.4000 0.0000 0.0000 0.0000 0.0000 0.0000 
-5.7986 1.3186 59.4667 0.0000 0.0000 0.0000 0.0000 0.0000 
-5.8802 0.9304 59.5333 0.0000 0.0000 0.0000 0.0000 0.0000 
-5.9357 0.5372 59.6000 0.0000 0.0000 0.0000 0.0000 0.0000 
-5.9650 0.1408 59.6667 0.0000 0.0000 0.0000 0.0000 0.0000 
-5.9678 -0.2572 59.7333 0.0000 0.0000 0.0000 0.0000 0.0000 
-5.9440 -0.6549 59.8000 0.0000 0.0000 0.0000 0.0000 0.0000 
-5.8938 -1.0506 59.8667 0.0000 0.0000 0.0000 0.0000 0.0000 
-5.8171 -1.4425 59.9333 0.0000 0.0000 0.0000 0.0000 0.0000 
-5.7145 -1.8289 60.0000 0.0000 0.0000 0.0000 0.0000 0.0000 
-5.5862 -2.2079 60.0667 0.0000 0.0000 0.0000 0.0000 0.0000 
-5.4327 -2.5780 60.1333 0.0000 0.0000 0.0000 0.0000 0.0000 
-5.2547 -2.9375 60.2000 0.0000 0.0000 0.0000 0.0000 0.0000 
-5.0529 -3.2846 60.2667 0.0000 0.0000 0.0000 0.0000 0.0000 
-4.8282 -3.6179 60.3333 0.0000 0.0000 0.0000 0.0000 0.0000 
-4.5815 -3.9359 60.4000 0.0000 0.0000 0.0000 0.0000 0.0000 
-4.3139 -4.2370 60.4667 0.0000 0.0000 0.0000 0.0000 0.0000 
-4.0265 -4.5200 60.5333 0.0000 0.0000 0.0000 0.0000 0.0000 
-3.7206 -4.7834 60.6000 0.0000 0.0000 0.0000 0.0000 0.0000 
-3.3974 -5.0262 60.6667 0.0000 0.0000 0.0000 0.0000 0.0000 
-3.0583 -5.2471 60.7333 0.0000 0.0000 0.0000 0.0000 0.0000 
-2.7050 -5.4451 60.8000 0.0000 0.0000 0.0000 0.0000 0.0000 
-2.3388 -5.6194 60.8667 0.0000 0.0000 0.0000 0.0000 0.0000 
-1.9614 -5.7690 60.9333 0.0000 0.0000 0.0000 0.0000 0.0000 
-1.5744 -5.8933 61.0000 0.0000 0.0000 0.0000 0.0000 0.0000 
-1.1796 -5.9917 61.0667 0.0000 0.0000 0.0000 0.0000 0.0000 
-0.7787 -6.0635 61.1333 0.0000 0.0000 0.0000 0.0000 0.0000 
-0.3734 -6.1086 61.2000 0.0000 0.0000 0.0000 0.0000 0.0000 
0.0344 -6.1266 61.2667 0.0000 0.0000 0.0000 0.0000 0.0000 
0.4429 -6.1173 61.3333 0.0000 0.0000 0.0000 0.0000 0.0000 
0.8504 -6.0808 61.4000 0.0000 0.0000 0.0000 0.0000 0.0000 
1.2550 -6.0172 61.4667 0.0000 0.0000 0.0000 0.0000 0.0000 
1.6548 -5.9266 61.5333 0.0000 0.0000 0.0000 0.0000 0.0000 
2.0482 -5.8095 61.6000 0.0000 0.0000 0.0000 0.0000 0.0000 
2.4333 -5.6663 61.6667 0.0000 0.0000 0.0000 0.0000 0.0000 
2.8084 -5.4976 61.7333 0.0000 0.0000 0.0000 0.0000 0.0000 
3.1718 -5.3040 61.8000 0.0000 0.0000 0.0000 0.0000 0.0000 
3.5219 -5.0864 61.8667 0.0000 0.0000 0.0000 0.0000 0.0000 
3.8570 -4.8457 61.9333 0.0000 0.0000 0.0000 0.0000 0.0000 
4.1758 -4.5829 62.0000 0.0000 0.0000 0.0000 0.0000 0.0000 
4.4766 -4.2992 62.0667 0.0000 0.0000 0.0000 0.0000 0.0000 
4.7581 -3.9957 62.1333 0.0000 0.0000 0.0000 0.0000 0.0000 
5.0191 -3.6738 62.2000 0.0000 0.0000 0.0000 0.0000 0.0000 
5.2584 -3.3348 62.2667 0.0000 0.0000 0.0000 0.0000 0.0000 
5.4747 -2.9803 62.3333 0.0000 0.0000 0.0000 0.0000 0.0000 
5.6671 -2.6118 62.4000 0.0000 0.0000 0.0000 0.0000 0.0000 
5.8347 -2.2308 62.4667 0.0000 0.0000 0.0000 0.0000 0.0000 
5.9768 -1.8391 62.5333 0.0000 0.0000 0.0000 0.0000 0.0000 
6.0925 -1.4384 62.6000 0.0000 0.0000 0.0000 0.0000 0.0000 
6.1814 -1.0305 62.6667 0.0000 0.0000 0.0000 0.0000 0.0000 
6.2429 -0.6170 62.7333 0.0000 0.0000 0.0000 0.0000 0.0000 
6.2768 -0.2000 62.8000 0.0000 0.0000 0.0000 0.0000 0.0000 
6.2829 0.2188 62.8667 0.0000 0.0000 0.0000 0.0000 0.0000 
6.2610 0.6376 62.9333 0.0000 0.0000 0.0000 0.0000 0.0000 
6.2111 1.0543 63.0000 0.0000 0.0000 0.0000 0.0000 0.0000 
6.1336 1.4673 63.0667 0.0000 0.0000 0.0000 0.0000 0.0000 
6.0286 1.8747 63.1333 0.0000 0.0000 0.0000 0.0000 0.0000 
5.8965 2.2745 63.2000 0.0000 0.0000 0.0000 0.0000 0.0000 
5.7380 2.6651 63.2667 0.0000 0.0000 0.0000 0.0000 0.0000 
5.5535 3.0446 63.3333 0.0000 0.0000 0.0000 0.0000 0.0000 
5.3440 3.4114 63.4000 0.0000 0.0000 0.0000 0.0000 0.0000 
5.1102 3.7638 63.4667 0.0000 0.0000 0.0000 0.0000 0.0000 
4.8532 4.1001 63.5333 0.0000 0.0000 0.0000 0.0000 0.0000 
4.5741 4.4190 63.6000 0.0000 0.0000 0.0000 0.0000 0.0000 
4.2740 4.7188 63.6667 0.0000 0.0000 0.0000 0.0000 0.0000 
3.9543 4.9983 63.7333 0.0000 0.0000 0.0000 0.0000 0.0000 
3.6163 5.2561 63.8000 0.0000 0.0000 0.0000 0.0000 0.0000 
3.2616 5.4911 63.8667 0.0000 0.0000 0.0000 0.0000 0.0000 
2.8915 5.7021 63.9333 0.0000 0.0000 0.0000 0.0000 0.0000 
2.5079 5.8882 64.0000 0.0000 0.0000 0.0000 0.0000 0.0000 
2.1123 6.0484 64.0667 0.0000 0.0000 0.0000 0.0000 0.0000 
1.7064 6.1821 64.1333 0.0000 0.0000 0.0000 0.0000 0.0000 
1.2921 6.2886 64.2000 0.0000 0.0000 0.0000 0.0000 0.0000 
0.8712 6.3673 64.2667 0.0000 0.0000 0.0000 0.0000 0.0000 
0.4456 6.4179 64.3333 0.0000 0.0000 0.0000 0.0000 0.0000 
0.0171 6.4400 64.4000 0.0000 0.0000 0.0000 0.0000 0.0000 
-0.4124 6.4335 64.4667 0.0000 0.0000 0.0000 0.0000 0.0000 
-0.8409 6.3983 64.5333 0.0000 0.0000 0.0000 0.0000 0.0000 
-1.2666 6.3346 64.6000 0.0000 0.0000 0.0000 0.0000 0.0000 
-1.6875 6.2426 64.6667 0.0000 0.0000 0.0000 0.0000 0.0000 
-2.1019 6.1226 64.7333 0.0000 0.0000 0.0000 0.0000 0.0000 
-2.5076 5.9751 64.8000 0.0000 0.0000 0.0000 0.0000 0.0000 
-2.9031 5.8008 64.8667 0.0000 0.0000 0.0000 0.0000 0.0000 
-3.2864 5.6002 64.9333 0.0000 0.0000 0.0000 0.0000 0.0000 
-3.6560 5.3744 65.0000 0.0000 0.0000 0.0000 0.0000 0.0000 
-4.0100 5.1242 65.0667 0.0000 0.0000 0.0000 0.0000 0.0000 
-4.3469 4.8506 65.1333 0.0000 0.0000 0.0000 0.0000 0.0000 
-4.6651 4.5549 65.2000 0.0000 0.0000 0.0000 0.0000 0.0000 
-4.9632 4.2384 65.2667 0.0000 0.0000 0.0000 0.0000 0.0000 
-5.2399 3.9023 65.3333 0.0000 0.0000 0.0000 0.0000 0.0000 
-5.4938 3.5481 65.4000 0.0000 0.0000 0.0000 0.0000 0.0000 
-5.7238 3.1775 65.4667 0.0000 0.0000 0.0000 0.0000 0.0000 
-5.9288 2.7920 65.5333 0.0000 0.0000 0.0000 0.0000 0.0000 
-6.1079 2.3933 65.6000 0.0000 0.0000 0.0000 0.0000 0.0000 
-6.2601 1.9831 65.6667 0.0000 0.0000 0.0000 0.0000 0.0000 
-6.3847 1.5632 65.7333 0.0000 0.0000 0.0000 0.0000 0.0000 
-6.4813 1.1355 65.8000 0.0000 0.0000 0.0000 0.0000 0.0000 
-6.5492 0.7020 65.8667 0.0000 0.0000 0.0000 0.0000 0.0000 
-6.5880 0.2644 65.9333 0.0000 0.0000 0.0000 0.0000 0.0000 
-6.5977 -0.1752 66.0000 0.0000 0.0000 0.0000 0.0000 0.0000 
-6.5780 -0.6150 66.0667 0.0000 0.0000 0.0000 0.0000 0.0000 
-6.5290 -1.0529 66.1333 0.0000 0.0000 0.0000 0.0000 0.0000 
-6.4508 -1.4870 66.2000 0.0000 0.0000 0.0000 0.0000 0.0000 
-6.3438 -1.9154 66.2667 0.0000 0.0000 0.0000 0.0000 0.0000 
-6.2084 -2.3361 66.3333 0.0000 0.0000 0.0000 0.0000 0.0000 
-6.0450 -2.7472 66.4000 0.0000 0.0000 0.0000 0.0000 0.0000 
-5.8545 -3.1470 66.4667 0.0000 0.0000 0.0000 0.0000 0.0000 
-5.6374 -3.5336 66.5333 0.0000 0.0000 0.0000 0.0000 0.0000 
-5.3949 -3.9052 66.6000 0.0000 0.0000 0.0000 0.0000 0.0000 
-5.1279 -4.2601 66.6667 0.0000 0.0000 0.0000 0.0000 0.0000 
-4.8376 -4.5969 66.7333 0.0000 0.0000 0.0000 0.0000 0.0000 
-4.5251 -4.9138 66.8000 0.0000 0.0000 0.0000 0.0000 0.0000 
-4.1919 -5.2096 66.8667 0.0000 0.0000 0.0000 0.0000 0.0000 
-3.8394 -5.4827 66.9333 0.0000 0.0000 0.0000 0.0000 0.0000 
-3.4691 -5.7320 67.0000 0.0000 0.0000 0.0000 0.0000 0.0000 
-3.0826 -5.9563 67.0667 0.0000 0.0000 0.0000 0.0000 0.0000 
-2.6816 -6.1545 67.1333 0.0000 0.0000 0.0000 0.0000 0.0000 
-2.2679 -6.3258 67.2000 0.0000 0.0000 0.0000 0.0000 0.0000 
-1.8432 -6.4692 67.2667 0.0000 0.0000 0.0000 0.0000 0.0000 
-1.4096 -6.5841 67.3333 0.0000 0.0000 0.0000 0.0000 0.0000 
-0.9688 -6.6700 67.4000 0.0000 0.0000 0.0000 0.0000 0.0000 
-0.5228 -6.7264 67.4667 0.0000 0.0000 0.0000 0.0000 0.0000 
-0.0737 -6.7529 67.5333 0.0000 0.0000 0.0000 0.0000 0.0000 
0.3768 -6.7495 67.6000 0.0000 0.0000 0.0000 0.0000 0.0000 
0.8264 -6.7160 67.6667 0.0000 0.0000 0.0000 0.0000 0.0000 
1.2732 -6.6526 67.7333 0.0000 0.0000 0.0000 0.0000 0.0000 
1.7152 -6.5595 67.8000 0.0000 0.0000 0.0000 0.0000 0.0000 
2.1505 -6.4369 67.8667 0.0000 0.0000 0.0000 0.0000 0.0000 
2.5770 -6.2856 67.9333 0.0000 0.0000 0.0000 0.0000 0.0000 
2.9930 -6.1059 68.0000 0.0000 0.0000 0.0000 0.0000 0.0000 
3.3964 -5.8987 68.0667 0.0000 0.0000 0.0000 0.0000 0.0000 
3.7855 -5.6649 68.1333 0.0000 0.0000 0.0000 0.0000 0.0000 
4.1586 -5.4054 68.2000 0.0000 0.0000 0.0000 0.0000 0.0000 
4.5138 -5.1214 68.2667 0.0000 0.0000 0.0000 0.0000 0.0000 
4.8497 -4.8140 68.3333 0.0000 0.0000 0.0000 0.0000 0.0000 
5.1647 -4.4846 68.4000 0.0000 0.0000 0.0000 0.0000 0.0000 
5.4573 -4.1346 68.4667 0.0000 0.0000 0.0000 0.0000 0.0000 
5.7261 -3.7656 68.5333 0.0000 0.0000 0.0000 0.0000 0.0000 
5.9701 -3.3790 68.6000 0.0000 0.0000 0.0000 0.0000 0.0000 
6.1879 -2.9767 68.6667 0.0000 0.0000 0.0000 0.0000 0.0000 
6.3787 -2.5603 68.7333 0.0000 0.0000 0.0000 0.0000 0.0000 
6.5414 -2.1318 68.8000 0.0000 0.0000 0.0000 0.0000 0.0000 
6.6753 -1.6929 68.8667 0.0000 0.0000 0.0000 0.0000 0.0000 
6.7799 -1.2457 68.9333 0.0000 0.0000 0.0000 0.0000 0.0000 
6.8544 -0.7920 69.0000 0.0000 0.0000 0.0000 0.0000 0.0000 
6.8986 -0.3340 69.0667 0.0000 0.0000 0.0000 0.0000 0.0000 
6.9122 0.1265 69.1333 0.0000 0.0000 0.0000 0.0000 0.0000 
6.8950 0.5872 69.2000 0.0000 0.0000 0.0000 0.0000 0.0000 
6.8472 1.0463 69.2667 0.0000 0.0000 0.0000 0.0000 0.0000 
6.7688 1.5015 69.3333 0.0000 0.0000 0.0000 0.0000 0.0000 
6.6601 1.9510 69.4000 0.0000 0.0000 0.0000 0.0000 0.0000 
6.5216 2.3926 69.4667 0.0000 0.0000 0.0000 0.0000 0.0000 
6.3538 2.8245 69.5333 0.0000 0.0000 0.0000 0.0000 0.0000 
6.1575 3.2446 69.6000 0.0000 0.0000 0.0000 0.0000 0.0000 
5.9333 3.6510 69.6667 0.0000 0.0000 0.0000 0.0000 0.0000 
5.6823 4.0421 69.7333 0.0000 0.0000 0.0000 0.0000 0.0000 
5.4056 4.4159 69.8000 0.0000 0.0000 0.0000 0.0000 0.0000 
5.1043 4.7707 69.8667 0.0000 0.0000 0.0000 0.0000 0.0000 
4.7797 5.1050 69.9333 0.0000 0.0000 0.0000 0.0000 0.0000 
4.4332 5.4172 70.0000 0.0000 0.0000 0.0000 0.0000 0.0000 
4.0664 5.7060 70.0667 0.0000 0.0000 0.0000 0.0000 0.0000 
3.6807 5.9698 70.1333 0.0000 0.0000 0.0000 0.0000 0.0000 
3.2780 6.2077 70.2000 0.0000 0.0000 0.0000 0.0000 0.0000 
2.8599 6.4183 70.2667 0.0000 0.0000 0.0000 0.0000 0.0000 
2.4282 6.6009 70.3333 0.0000 0.0000 0.0000 0.0000 0.0000 
1.9850 6.7544 70.4000 0.0000 0.0000 0.0000 0.0000 0.0000 
1.5321 6.8781 70.4667 0.0000 0.0000 0.0000 0.0000 0.0000 
1.0715 6.9715 70.5333 0.0000 0.0000 0.0000 0.0000 0.0000 
0.6053 7.0340 70.6000 0.0000 0.0000 0.0000 0.0000 0.0000 
0.1355 7.0654 70.6667 0.0000 0.0000 0.0000 0.0000 0.0000 
-0.3359 7.0654 70.7333 0.0000 0.0000 0.0000 0.0000 0.0000 
-0.8066 7.0339 70.8000 0.0000 0.0000 0.0000 0.0000 0.0000 
-1.2745 6.9711 70.8667 0.0000 0.0000 0.0000 0.0000 0.0000 
-1.7377 6.8772 70.9333 0.0000 0.0000 0.0000 0.0000 0.0000 
-2.1941 6.7525 71.0000 0.0000 0.0000 0.0000 0.0000 0.0000 
-2.6415 6.5975 71.0667 0.0000 0.0000 0.0000 0.0000 0.0000 
-3.0781 6.4129 71.1333 0.0000 0.0000 0.0000 0.0000 0.0000 
-3.5017 6.1994 71.2000 0.0000 0.0000 0.0000 0.0000 0.0000 
-3.9106 5.9579 71.2667 0.0000 0.0000 0.0000 0.0000 0.0000 
-4.3028 5.6895 71.3333 0.0000 0.0000 0.0000 0.0000 0.0000 
-4.6766 5.3953 71.4000 0.0000 0.0000 0.0000 0.0000 0.0000 
-5.0303 5.0765 71.4667 0.0000 0.0000 0.0000 0.0000 0.0000 
-5.3624 4.7345 71.5333 0.0000 0.0000 0.0000 0.0000 0.0000 
-5.6711 4.3708 71.6000 0.0000 0.0000 0.0000 0.0000 0.0000 
-5.9552 3.9870 71.6667 0.0000 0.0000 0.0000 0.0000 0.0000 
-6.2134 3.5848 71.7333 0.0000 0.0000 0.0000 0.0000 0.0000 
-6.4444 3.1658 71.8000 0.0000 0.0000 0.0000 0.0000 0.0000 
-6.6471 2.7320 71.8667 0.0000 0.0000 0.0000 0.0000 0.0000 
-6.8207 2.2853 71.9333 0.0000 0.0000 0.0000 0.0000 0.0000 
-6.9642 1.8275 72.0000 0.0000 0.0000 0.0000 0.0000 0.0000 
-7.0770 1.3608 72.0667 0.0000 0.0000 0.0000 0.0000 0.0000 
-7.1586 0.8871 72.1333 0.0000 0.0000 0.0000 0.0000 0.0000 
-7.2084 0.4086 72.2000 0.0000 0.0000 0.0000 0.0000 0.0000 
-7.2263 -0.0725 72.2667 0.0000 0.0000 0.0000 0.0000 0.0000 
-7.2121 -0.5543 72.3333 0.0000 0.0000 0.0000 0.0000 0.0000 
-7.1657 -1.0345 72.4000 0.0000 0.0000 0.0000 0.0000 0.0000 
-7.0874 -1.5109 72.4667 0.0000 0.0000 0.0000 0.0000 0.0000 
-6.9774 -1.9815 72.5333 0.0000 0.0000 0.0000 0.0000 0.0000 
-6.8362 -2.4442 72.6000 0.0000 0.0000 0.0000 0.0000 0.0000 
-6.6643 -2.8968 72.6667 0.0000 0.0000 0.0000 0.0000 0.0000 
-6.4624 -3.3374 72.7333 0.0000 0.0000 0.0000 0.0000 0.0000 
-6.2315 -3.7639 72.8000 0.0000 0.0000 0.0000 0.0000 0.0000 
-5.9723 -4.1745 72.8667 0.0000 0.0000 0.0000 0.0000 0.0000 
-5.6862 -4.5673 72.9333 0.0000 0.0000 0.0000 0.0000 0.0000 
-5.3742 -4.9404 73.0000 0.0000 0.0000 0.0000 0.0000 0.0000 
-5.0378 -5.2923 73.0667 0.0000 0.0000 0.0000 0.0000 0.0000 
-4.6783 -5.6213 73.1333 0.0000 0.0000 0.0000 0.0000 0.0000 
-4.2973 -5.9259 73.2000 0.0000 0.0000 0.0000 0.0000 0.0000 
-3.8965 -6.2046 73.2667 0.0000 0.0000 0.0000 0.0000 0.0000 
-3.4777 -6.4563 73.3333 0.0000 0.0000 0.0000 0.0000 0.0000 
-3.0426 -6.6797 73.4000 0.0000 0.0000 0.0000 0.0000 0.0000 
-2.5933 -6.8738 73.4667 0.0000 0.0000 0.0000 0.0000 0.0000 
-2.1315 -7.0376 73.5333 0.0000 0.0000 0.0000 0.0000 0.0000 
-1.6595 -7.1705 73.6000 0.0000 0.0000 0.0000 0.0000 0.0000 
-1.1791 -7.2717 73.6667 0.0000 0.0000 0.0000 0.0000 0.0000 
-0.6927 -7.3407 73.7333 0.0000 0.0000 0.0000 0.0000 0.0000 
-0.2024 -7.3772 73.8000 0.0000 0.0000 0.0000 0.0000 0.0000 
0.2898 -7.3810 73.8667 0.0000 0.0000 0.0000 0.0000 0.0000 
0.7815 -7.3519 73.9333 0.0000 0.0000 0.0000 0.0000 0.0000 
1.2707 -7.2901 74.0000 0.0000 0.0000 0.0000 0.0000 0.0000 
1.7551 -7.1957 74.0667 0.0000 0.0000 0.0000 0.0000 0.0000 
2.2326 -7.0692 74.1333 0.0000 0.0000 0.0000 0.0000 0.0000 
2.7010 -6.9110 74.2000 0.0000 0.0000 0.0000 0.0000 0.0000 
3.1582 -6.7217 74.2667 0.0000 0.0000 0.0000 0.0000 0.0000 
3.6022 -6.5022 74.3333 0.0000 0.0000 0.0000 0.0000 0.0000 
4.0310 -6.2534 74.4000 0.0000 0.0000 0.0000 0.0000 0.0000 
4.4426 -5.9763 74.4667 0.0000 0.0000 0.0000 0.0000 0.0000 
4.8352 -5.6722 74.5333 0.0000 0.0000 0.0000 0.0000 0.0000 
5.2069 -5.3422 74.6000 0.0000 0.0000 0.0000 0.0000 0.0000 
5.5562 -4.9880 74.6667 0.0000 0.0000 0.0000 0.0000 0.0000 
5.8814 -4.6108 74.7333 0.0000 0.0000 0.0000 0.0000 0.0000 
6.1810 -4.2125 74.8000 0.0000 0.0000 0.0000 0.0000 0.0000 
6.4537 -3.7948 74.8667 0.0000 0.0000 0.0000 0.0000 0.0000 
6.6981 -3.3594 74.9333 0.0000 0.0000 0.0000 0.0000 0.0000 
6.9131 -2.9084 75.0000 0.0000 0.0000 0.0000 0.0000 0.0000 
7.0978 -2.4435 75.0667 0.0000 0.0000 0.0000 0.0000 0.0000 
7.2513 -1.9670 75.1333 0.0000 0.0000 0.0000 0.0000 0.0000 
7.3727 -1.4809 75.2000 0.0000 0.0000 0.0000 0.0000 0.0000 
7.4616 -0.9874 75.2667 0.0000 0.0000 0.0000 0.0000 0.0000 
7.5175 -0.4885 75.3333 0.0000 0.0000 0.0000 0.0000 0.0000 
7.5400 0.0134 75.4000 0.0000 0.0000 0.0000 0.0000 0.0000 
7.5290 0.5161 75.4667 0.0000 0.0000 0.0000 0.0000 0.0000 
7.4845 1.0174 75.5333 0.0000 0.0000 0.0000 0.0000 0.0000 
7.4066 1.5151 75.6000 0.0000 0.0000 0.0000 0.0000 0.0000 
7.2957 2.0069 75.6667 0.0000 0.0000 0.0000 0.0000 0.0000 
7.1521 2.4907 75.7333 0.0000 0.0000 0.0000 0.0000 0.0000 
6.9764 2.9642 75.8000 0.0000 0.0000 0.0000 0.0000 0.0000 
6.7694 3.4254 75.8667 0.0000 0.0000 0.0000 0.0000 0.0000 
6.5319 3.8721 75.9333 0.0000 0.0000 0.0000 0.0000 0.0000 
6.2649 4.3024 76.0000 0.0000 0.0000 0.0000 0.0000 0.0000 
5.9696 4.7144 76.0667 0.0000 0.0000 0.0000 0.0000 0.0000 
5.6472 5.1061 76.1333 0.0000 0.0000 0.0000 0.0000 0.0000 
5.2992 5.4757 76.2000 0.0000 0.0000 0.0000 0.0000 0.0000 
4.9269 5.8216 76.2667 0.0000 0.0000 0.0000 0.0000 0.0000 
4.5321 6.1423 76.3333 0.0000 0.0000 0.0000 0.0000 0.0000 
4.1165 6.4362 76.4000 0.0000 0.0000 0.0000 0.0000 0.0000 
3.6818 6.7019 76.4667 0.0000 0.0000 0.0000 0.0000 0.0000 
3.2299 6.9384 76.5333 0.0000 0.0000 0.0000 0.0000 0.0000 
2.7629 7.1444 76.6000 0.0000 0.0000 0.0000 0.0000 0.0000 
2.2828 7.3189 76.6667 0.0000 0.0000 0.0000 0.0000 0.0000 
1.7918 7.4612 76.7333 0.0000 0.0000 0.0000 0.0000 0.0000 
1.2919 7.5706 76.8000 0.0000 0.0000 0.0000 0.0000 0.0000 
0.7854 7.6464 76.8667 0.0000 0.0000 0.0000 0.0000 0.0000 
0.2745 7.6884 76.9333 0.0000 0.0000 0.0000 0.0000 0.0000 
-0.2385 7.6963 77.0000 0.0000 0.0000 0.0000 0.0000 0.0000 
-0.7513 7.6700 77.0667 0.0000 0.0000 0.0000 0.0000 0.0000 
-1.2618 7.6094 77.1333 0.0000 0.0000 0.0000 0.0000 0.0000 
-1.7674 7.5150 77.2000 0.0000 0.0000 0.0000 0.0000 0.0000 
-2.2660 7.3869 77.2667 0.0000 0.0000 0.0000 0.0000 0.0000 
-2.7555 7.2258 77.3333 0.0000 0.0000 0.0000 0.0000 0.0000 
-3.2335 7.0322 77.4000 0.0000 0.0000 0.0000 0.0000 0.0000 
-3.6979 6.8071 77.4667 0.0000 0.0000 0.0000 0.0000 0.0000 
-4.1468 6.5512 77.5333 0.0000 0.0000 0.0000 0.0000 0.0000 
-4.5779 6.2658 77.6000 0.0000 0.0000 0.0000 0.0000 0.0000 
-4.9895 5.9520 77.6667 0.0000 0.0000 0.0000 0.0000 0.0000 
-5.3795 5.6112 77.7333 0.0000 0.0000 0.0000 0.0000 0.0000 
-5.7463 5.2449 77.8000 0.0000 0.0000 0.0000 0.0000 0.0000 
-6.0881 4.8546 77.8667 0.0000 0.0000 0.0000 0.0000 0.0000 
-6.4035 4.4420 77.9333 0.0000 0.0000 0.0000 0.0000 0.0000 
-6.6909 4.0090 78.0000 0.0000 0.0000 0.0000 0.0000 0.0000 
-6.9490 3.5574 78.0667 0.0000 0.0000 0.0000 0.0000 0.0000 
-7.1767 3.0893 78.1333 0.0000 0.0000 0.0000 0.0000 0.0000 
-7.3728 2.6065 78.2000 0.0000 0.0000 0.0000 0.0000 0.0000 
-7.5365 2.1113 78.2667 0.0000 0.0000 0.0000 0.0000 0.0000 
-7.6669 1.6060 78.3333 0.0000 0.0000 0.0000 0.0000 0.0000 
-7.7635 1.0926 78.4000 0.0000 0.0000 0.0000 0.0000 0.0000 
-7.8257 0.5735 78.4667 0.0000 0.0000 0.0000 0.0000 0.0000 
-7.8532 0.0509 78.5333 0.0000 0.0000 0.0000 0.0000 0.0000 
-7.8458 -0.4727 78.6000 0.0000 0.0000 0.0000 0.0000 0.0000 
-7.8035 -0.9953 78.6667 0.0000 0.0000 0.0000 0.0000 0.0000 
-7.7264 -1.5142 78.7333 0.0000 0.0000 0.0000 0.0000 0.0000 
-7.6148 -2.0272 78.8000 0.0000 0.0000 0.0000 0.0000 0.0000 
-7.4691 -2.5321 78.8667 0.0000 0.0000 0.0000 0.0000 0.0000 
-7.2900 -3.0266 78.9333 0.0000 0.0000 0.0000 0.0000 0.0000 
-7.0782 -3.5085 79.0000 0.0000 0.0000 0.0000 0.0000 0.0000 
-6.8345 -3.9756 79.0667 0.0000 0.0000 0.0000 0.0000 0.0000 
-6.5600 -4.4258 79.1333 0.0000 0.0000 0.0000 0.0000 0.0000 
-6.2559 -4.8570 79.2000 0.0000 0.0000 0.0000 0.0000 0.0000 
-5.9234 -5.2674 79.2667 0.0000 0.0000 0.0000 0.0000 0.0000 
-5.5640 -5.6551 79.3333 0.0000 0.0000 0.0000 0.0000 0.0000 
-5.1792 -6.0182 79.4000 0.0000 0.0000 0.0000 0.0000 0.0000 
-4.7708 -6.3552 79.4667 0.0000 0.0000 0.0000 0.0000 0.0000 
-4.3405 -6.6645 79.5333 0.0000 0.0000 0.0000 0.0000 0.0000 
-3.8902 -6.9447 79.6000 0.0000 0.0000 0.0000 0.0000 0.0000 
-3.4218 -7.1944 79.6667 0.0000 0.0000 0.0000 0.0000 0.0000 
-2.9373 -7.4126 79.7333 0.0000 0.0000 0.0000 0.0000 0.0000 
-2.4390 -7.5981 79.8000 0.0000 0.0000 0.0000 0.0000 0.0000 
-1.9290 -7.7502 79.8667 0.0000 0.0000 0.0000 0.0000 0.0000 
-1.4096 -7.8681 79.9333 0.0000 0.0000 0.0000 0.0000 0.0000 
-0.8831 -7.9511 80.0000 0.0000 0.0000 0.0000 0.0000 0.0000 
-0.3517 -7.9989 80.0667 0.0000 0.0000 0.0000 0.0000 0.0000 
0.1820 -8.0113 80.1333 0.0000 0.0000 0.0000 0.0000 0.0000 
0.7160 -7.9880 80.2000 0.0000 0.0000 0.0000 0.0000 0.0000 
1.2475 -7.9291 80.2667 0.0000 0.0000 0.0000 0.0000 0.0000 
1.7745 -7.8349 80.3333 0.0000 0.0000 0.0000 0.0000 0.0000 
2.2943 -7.7057 80.4000 0.0000 0.0000 0.0000 0.0000 0.0000 
2.8050 -7.5420 80.4667 0.0000 0.0000 0.0000 0.0000 0.0000 
3.3038 -7.3444 80.5333 0.0000 0.0000 0.0000 0.0000 0.0000 
3.7889 -7.1139 80.6000 0.0000 0.0000 0.0000 0.0000 0.0000 
4.2579 -6.8514 80.6667 0.0000 0.0000 0.0000 0.0000 0.0000 
4.7088 -6.5579 80.7333 0.0000 0.0000 0.0000 0.0000 0.0000 
5.1394 -6.2348 80.8000 0.0000 0.0000 0.0000 0.0000 0.0000 
5.5479 -5.8834 80.8667 0.0000 0.0000 0.0000 0.0000 0.0000 
5.9324 -5.5053 80.9333 0.0000 0.0000 0.0000 0.0000 0.0000 
6.2912 -5.1021 81.0000 0.0000 0.0000 0.0000 0.0000 0.0000 
6.6225 -4.6755 81.0667 0.0000 0.0000 0.0000 0.0000 0.0000 
6.9250 -4.2274 81.1333 0.0000 0.0000 0.0000 0.0000 0.0000 
7.1971 -3.7598 81.2000 0.0000 0.0000 0.0000 0.0000 0.0000 
7.4377 -3.2746 81.2667 0.0000 0.0000 0.0000 0.0000 0.0000 
7.6456 -2.7742 81.3333 0.0000 0.0000 0.0000 0.0000 0.0000 
7.8198 -2.2605 81.4000 0.0000 0.0000 0.0000 0.0000 0.0000 
7.9595 -1.7360 81.4667 0.0000 0.0000 0.0000 0.0000 0.0000 
8.0641 -1.2028 81.5333 0.0000 0.0000 0.0000 0.0000 0.0000 
8.1330 -0.6636 81.6000 0.0000 0.0000 0.0000 0.0000 0.0000 
8.1658 -0.1203 81.6667 0.0000 0.0000 0.0000 0.0000 0.0000 
8.1623 0.4242 81.7333 0.0000 0.0000 0.0000 0.0000 0.0000 
8.1225 0.9678 81.8000 0.0000 0.0000 0.0000 0.0000 0.0000 
8.0466 1.5080 81.8667 0.0000 0.0000 0.0000 0.0000 0.0000 
7.9347 2.0423 81.9333 0.0000 0.0000 0.0000 0.0000 0.0000 
7.7874 2.5685 82.0000 0.0000 0.0000 0.0000 0.0000 0.0000 
7.6051 3.0840 82.0667 0.0000 0.0000 0.0000 0.0000 0.0000 
7.3888 3.5867 82.1333 0.0000 0.0000 0.0000 0.0000 0.0000 
7.1392 4.0743 82.2000 0.0000 0.0000 0.0000 0.0000 0.0000 
6.8575 4.5445 82.2667 0.0000 0.0000 0.0000 0.0000 0.0000 
6.5448 4.9953 82.3333 0.0000 0.0000 0.0000 0.0000 0.0000 
6.2026 5.4246 82.4000 0.0000 0.0000 0.0000 0.0000 0.0000 
5.8321 5.8305 82.4667 0.0000 0.0000 0.0000 0.0000 0.0000 
5.4351 6.2110 82.5333 0.0000 0.0000 0.0000 0.0000 0.0000 
5.0133 6.5646 82.6000 0.0000 0.0000 0.0000 0.0000 0.0000 
4.5686 6.8895 82.6667 0.0000 0.0000 0.0000 0.0000 0.0000 
4.1027 7.1844 82.7333 0.0000 0.0000 0.0000 0.0000 0.0000 
3.6180 7.4477 82.8000 0.0000 0.0000 0.0000 0.0000 0.0000 
3.1163 7.6784 82.8667 0.0000 0.0000 0.0000 0.0000 0.0000 
2.5999 7.8753 82.9333 0.0000 0.0000 0.0000 0.0000 0.0000 
2.0712 8.0374 83.0000 0.0000 0.0000 0.0000 0.0000 0.0000 
1.5323 8.1641 83.0667 0.0000 0.0000 0.0000 0.0000 0.0000 
0.9859 8.2547 83.1333 0.0000 0.0000 0.0000 0.0000 0.0000 
0.4341 8.3087 83.2000 0.0000 0.0000 0.0000 0.0000 0.0000 
-0.1204 8.3258 83.2667 0.0000 0.0000 0.0000 0.0000 0.0000 
-0.6754 8.3059 83.3333 0.0000 0.0000 0.0000 0.0000 0.0000 
-1.2281 8.2491 83.4000 0.0000 0.0000 0.0000 0.0000 0.0000 
-1.7764 8.1554 83.4667 0.0000 0.0000 0.0000 0.0000 0.0000 
-2.3175 8.0254 83.5333 0.0000 0.0000 0.0000 0.0000 0.0000 
-2.8493 7.8594 83.6000 0.0000 0.0000 0.0000 0.0000 0.0000 
-3.3693 7.6583 83.6667 0.0000 0.0000 0.0000 0.0000 0.0000 
-3.8750 7.4227 83.7333 0.0000 0.0000 0.0000 0.0000 0.0000 
-4.3644 7.1538 83.8000 0.0000 0.0000 0.0000 0.0000 0.0000 
-4.8351 6.8526 83.8667 0.0000 0.0000 0.0000 0.0000 0.0000 
-5.2850 6.5205 83.9333 0.0000 0.0000 0.0000 0.0000 0.0000 
-5.7122 6.1588 84.0000 0.0000 0.0000 0.0000 0.0000 0.0000 
-6.1146 5.7692 84.0667 0.0000 0.0000 0.0000 0.0000 0.0000 
-6.4906 5.3532 84.1333 0.0000 0.0000 0.0000 0.0000 0.0000 
-6.8381 4.9129 84.2000 0.0000 0.0000 0.0000 0.0000 0.0000 
-7.1559 4.4499 84.2667 0.0000 0.0000 0.0000 0.0000 0.0000 
-7.4423 3.9665 84.3333 0.0000 0.0000 0.0000 0.0000 0.0000 
-7.6961 3.4645 84.4000 0.0000 0.0000 0.0000 0.0000 0.0000 
-7.9161 2.9465 84.4667 0.0000 0.0000 0.0000 0.0000 0.0000 
-8.1012 2.4145 84.5333 0.0000 0.0000 0.0000 0.0000 0.0000 
-8.2505 1.8710 84.6000 0.0000 0.0000 0.0000 0.0000 0.0000 
-8.3634 1.3182 84.6667 0.0000 0.0000 0.0000 0.0000 0.0000 
-8.4393 0.7587 84.7333 0.0000 0.0000 0.0000 0.0000 0.0000 
-8.4778 0.1950 84.8000 0.0000 0.0000 0.0000 0.0000 0.0000 
-8.4786 -0.3705 84.8667 0.0000 0.0000 0.0000 0.0000 0.0000 
-8.4417 -0.9352 84.9333 0.0000 0.0000 0.0000 0.0000 0.0000 
-8.3672 -1.4966 85.0000 0.0000 0.0000 0.0000 0.0000 0.0000 
-8.2554 -2.0524 85.0667 0.0000 0.0000 0.0000 0.0000 0.0000 
-8.1067 -2.5997 85.1333 0.0000 0.0000 0.0000 0.0000 0.0000 
-7.9217 -3.1365 85.2000 0.0000 0.0000 0.0000 0.0000 0.0000 
-7.7012 -3.6601 85.2667 0.0000 0.0000 0.0000 0.0000 0.0000 
-7.4460 -4.1683 85.3333 0.0000 0.0000 0.0000 0.0000 0.0000 
-7.1574 -4.6587 85.4000 0.0000 0.0000 0.0000 0.0000 0.0000 
-6.8365 -5.1292 85.4667 0.0000 0.0000 0.0000 0.0000 0.0000 
-6.4847 -5.5775 85.5333 0.0000 0.0000 0.0000 0.0000 0.0000 
-6.1034 -6.0018 85.6000 0.0000 0.0000 0.0000 0.0000 0.0000 
-5.6945 -6.4000 85.6667 0.0000 0.0000 0.0000 0.0000 0.0000 
-5.2596 -6.7704 85.7333 0.0000 0.0000 0.0000 0.0000 0.0000 
-4.8006 -7.1113 85.8000 0.0000 0.0000 0.0000 0.0000 0.0000 
-4.3196 -7.4211 85.8667 0.0000 0.0000 0.0000 0.0000 0.0000 
-3.8186 -7.6983 85.9333 0.0000 0.0000 0.0000 0.0000 0.0000 
-3.2998 -7.9417 86.0000 0.0000 0.0000 0.0000 0.0000 0.0000 
-2.7656 -8.1502 86.0667 0.0000 0.0000 0.0000 0.0000 0.0000 
-2.2181 -8.3228 86.1333 0.0000 0.0000 0.0000 0.0000 0.0000 
-1.6601 -8.4586 86.2000 0.0000 0.0000 0.0000 0.0000 0.0000 
-1.0937 -8.5571 86.2667 0.0000 0.0000 0.0000 0.0000 0.0000 
-0.5217 -8.6176 86.3333 0.0000 0.0000 0.0000 0.0000 0.0000 
0.0536 -8.6398 86.4000 0.0000 0.0000 0.0000 0.0000 0.0000 
0.6295 -8.6237 86.4667 0.0000 0.0000 0.0000 0.0000 0.0000 
1.2036 -8.5692 86.5333 0.0000 0.0000 0.0000 0.0000 0.0000 
1.7731 -8.4765 86.6000 0.0000 0.0000 0.0000 0.0000 0.0000 
2.3357 -8.3460 86.6667 0.0000 0.0000 0.0000 0.0000 0.0000 
2.8886 -8.1782 86.7333 0.0000 0.0000 0.0000 0.0000 0.0000 
3.4297 -7.9737 86.8000 0.0000 0.0000 0.0000 0.0000 0.0000 
3.9563 -7.7334 86.8667 0.0000 0.0000 0.0000 0.0000 0.0000 
4.4661 -7.4584 86.9333 0.0000 0.0000 0.0000 0.0000 0.0000 
4.9568 -7.1498 87.0000 0.0000 0.0000 0.0000 0.0000 0.0000 
5.4263 -6.8089 87.0667 0.0000 0.0000 0.0000 0.0000 0.0000 
5.8723 -6.4373 87.1333 0.0000 0.0000 0.0000 0.0000 0.0000 
6.2929 -6.0363 87.2000 0.0000 0.0000 0.0000 0.0000 0.0000 
6.6861 -5.6081 87.2667 0.0000 0.0000 0.0000 0.0000 0.0000 
7.0503 -5.1541 87.3333 0.0000 0.0000 0.0000 0.0000 0.0000 
7.3836 -4.6766 87.4000 0.0000 0.0000 0.0000 0.0000 0.0000 
7.6846 -4.1775 87.4667 0.0000 0.0000 0.0000 0.0000 0.0000 
7.9519 -3.6590 87.5333 0.0000 0.0000 0.0000 0.0000 0.0000 
8.1842 -3.1235 87.6000 0.0000 0.0000 0.0000 0.0000 0.0000 
8.3805 -2.5734 87.6667 0.0000 0.0000 0.0000 0.0000 0.0000 
8.5398 -2.0109 87.7333 0.0000 0.0000 0.0000 0.0000 0.0000 
8.6613 -1.4386 87.8000 0.0000 0.0000 0.0000 0.0000 0.0000 
8.7446 -0.8591 87.8667 0.0000 0.0000 0.0000 0.0000 0.0000 
8.7890 -0.2748 87.9333 0.0000 0.0000 0.0000 0.0000 0.0000 
8.7945 0.3115 88.0000 0.0000 0.0000 0.0000 0.0000 0.0000 
8.7608 0.8974 88.0667 0.0000 0.0000 0.0000 0.0000 0.0000 
8.6882 1.4801 88.1333 0.0000 0.0000 0.0000 0.0000 0.0000 
8.5767 2.0572 88.2000 0.0000 0.0000 0.0000 0.0000 0.0000 
8.4270 2.6260 88.2667 0.0000 0.0000 0.0000 0.0000 0.0000 
8.2395 3.1840 88.3333 0.0000 0.0000 0.0000 0.0000 0.0000 
8.0152 3.7285 88.4000 0.0000 0.0000 0.0000 0.0000 0.0000 
7.7548 4.2575 88.4667 0.0000 0.0000 0.0000 0.0000 0.0000 
7.4597 4.7681 88.5333 0.0000 0.0000 0.0000 0.0000 0.0000 
7.1308 5.2585 88.6000 0.0000 0.0000 0.0000 0.0000 0.0000 
6.7697 5.7261 88.6667 0.0000 0.0000 0.0000 0.0000 0.0000 
6.3780 6.1690 88.7333 0.0000 0.0000 0.0000 0.0000 0.0000 
5.9574 6.5851 88.8000 0.0000 0.0000 0.0000 0.0000 0.0000 
5.5096 6.9726 88.8667 0.0000 0.0000 0.0000 0.0000 0.0000 
5.0366 7.3296 88.9333 0.0000 0.0000 0.0000 0.0000 0.0000 
4.5405 7.6547 89.0000 0.0000 0.0000 0.0000 0.0000 0.0000 
4.0236 7.9460 89.0667 0.0000 0.0000 0.0000 0.0000 0.0000 
3.4879 8.2026 89.1333 0.0000 0.0000 0.0000 0.0000 0.0000 
2.9359 8.4230 89.2000 0.0000 0.0000 0.0000 0.0000 0.0000 
2.3700 8.6063 89.2667 0.0000 0.0000 0.0000 0.0000 0.0000 
1.7928 8.7516 89.3333 0.0000 0.0000 0.0000 0.0000 0.0000 
1.2066 8.8582 89.4000 0.0000 0.0000 0.0000 0.0000 0.0000 
0.6144 8.9255 89.4667 0.0000 0.0000 0.0000 0.0000 0.0000 
0.0184 8.9533 89.5333 0.0000 0.0000 0.0000 0.0000 0.0000 
-0.5785 8.9413 89.6000 0.0000 0.0000 0.0000 0.0000 0.0000 
-1.1738 8.8895 89.6667 0.0000 0.0000 0.0000 0.0000 0.0000 
-1.7647 8.7981 89.7333 0.0000 0.0000 0.0000 0.0000 0.0000 
-2.3486 8.6674 89.8000 0.0000 0.0000 0.0000 0.0000 0.0000 
-2.9229 8.4980 89.8667 0.0000 0.0000 0.0000 0.0000 0.0000 
-3.4851 8.2906 89.9333 0.0000 0.0000 0.0000 0.0000 0.0000 
-4.0327 8.0460 90.0000 0.0000 0.0000 0.0000 0.0000 0.0000 
-4.5631 7.7652 90.0667 0.0000 0.0000 0.0000 0.0000 0.0000 
-5.0740 7.4495 90.1333 0.0000 0.0000 0.0000 0.0000 0.0000 
-5.5631 7.1001 90.2000 0.0000 0.0000 0.0000 0.0000 0.0000 
-6.0282 6.7188 90.2667 0.0000 0.0000 0.0000 0.0000 0.0000 
-6.4672 6.3069 90.3333 0.0000 0.0000 0.0000 0.0000 0.0000 
-6.8780 5.8664 90.4000 0.0000 0.0000 0.0000 0.0000 0.0000 
-7.2589 5.3991 90.4667 0.0000 0.0000 0.0000 0.0000 0.0000 
-7.6080 4.9072 90.5333 0.0000 0.0000 0.0000 0.0000 0.0000 
-7.9239 4.3927 90.6000 0.0000 0.0000 0.0000 0.0000 0.0000 
-8.2049 3.8579 90.6667 0.0000 0.0000 0.0000 0.0000 0.0000 
-8.4499 3.3051 90.7333 0.0000 0.0000 0.0000 0.0000 0.0000 
-8.6577 2.7369 90.8000 0.0000 0.0000 0.0000 0.0000 0.0000 
-8.8273 2.1557 90.8667 0.0000 0.0000 0.0000 0.0000 0.0000 
-8.9578 1.5640 90.9333 0.0000 0.0000 0.0000 0.0000 0.0000 
-9.0487 0.9645 91.0000 0.0000 0.0000 0.0000 0.0000 0.0000 
-9.0996 0.3598 91.0667 0.0000 0.0000 0.0000 0.0000 0.0000 
-9.1100 -0.2474 91.1333 0.0000 0.0000 0.0000 0.0000 0.0000 
-9.0799 -0.8543 91.2000 0.0000 0.0000 0.0000 0.0000 0.0000 
-9.0094 -1.4584 91.2667 0.0000 0.0000 0.0000 0.0000 0.0000 
-8.8987 -2.0568 91.3333 0.0000 0.0000 0.0000 0.0000 0.0000 
-8.7483 -2.6470 91.4000 0.0000 0.0000 0.0000 0.0000 0.0000 
-8.5588 -3.2262 91.4667 0.0000 0.0000 0.0000 0.0000 0.0000 
-8.3309 -3.7921 91.5333 0.0000 0.0000 0.0000 0.0000 0.0000 
-8.0657 -4.3417 91.6000 0.0000 0.0000 0.0000 0.0000 0.0000 
-7.7641 -4.8730 91.6667 0.0000 0.0000 0.0000 0.0000 0.0000 
-7.4277 -5.3832 91.7333 0.0000 0.0000 0.0000 0.0000 0.0000 
-7.0577 -5.8704 91.8000 0.0000 0.0000 0.0000 0.0000 0.0000 
-6.6558 -6.3321 91.8667 0.0000 0.0000 0.0000 0.0000 0.0000 
-6.2237 -6.7663 91.9333 0.0000 0.0000 0.0000 0.0000 0.0000 
-5.7633 -7.1711 92.0000 0.0000 0.0000 0.0000 0.0000 0.0000 
-5.2766 -7.5446 92.0667 0.0000 0.0000 0.0000 0.0000 0.0000 
-4.7657 -7.8850 92.1333 0.0000 0.0000 0.0000 0.0000 0.0000 
-4.2329 -8.1909 92.2000 0.0000 0.0000 0.0000 0.0000 0.0000 
-3.6805 -8.4608 92.2667 0.0000 0.0000 0.0000 0.0000 0.0000 
-3.1109 -8.6935 92.3333 0.0000 0.0000 0.0000 0.0000 0.0000 
-2.5268 -8.8878 92.4000 0.0000 0.0000 0.0000 0.0000 0.0000 
-1.9304 -9.0429 92.4667 0.0000 0.0000 0.0000 0.0000 0.0000 
-1.3247 -9.1580 92.5333 0.0000 0.0000 0.0000 0.0000 0.0000 
-0.7121 -9.2326 92.6000 0.0000 0.0000 0.0000 0.0000 0.0000 
-0.0956 -9.2662 92.6667 0.0000 0.0000 0.0000 0.0000 0.0000 
0.5223 -9.2586 92.7333 0.0000 0.0000 0.0000 0.0000 0.0000 
1.1387 -9.2099 92.8000 0.0000 0.0000 0.0000 0.0000 0.0000 
1.7510 -9.1201 92.8667 0.0000 0.0000 0.0000 0.0000 0.0000 
2.3564 -8.9896 92.9333 0.0000 0.0000 0.0000 0.0000 0.0000 
2.9521 -8.8190 93.0000 0.0000 0.0000 0.0000 0.0000 0.0000 
3.5356 -8.6089 93.0667 0.0000 0.0000 0.0000 0.0000 0.0000 
4.1041 -8.3603 93.1333 0.0000 0.0000 0.0000 0.0000 0.0000 
4.6553 -8.0740 93.2000 0.0000 0.0000 0.0000 0.0000 0.0000 
5.1866 -7.7515 93.2667 0.0000 0.0000 0.0000 0.0000 0.0000 
5.6956 -7.3940 93.3333 0.0000 0.0000 0.0000 0.0000 0.0000 
6.1798 -7.0032 93.4000 0.0000 0.0000 0.0000 0.0000 0.0000 
6.6374 -6.5807 93.4667 0.0000 0.0000 0.0000 0.0000 0.0000 
7.0660 -6.1283 93.5333 0.0000 0.0000 0.0000 0.0000 0.0000 
7.4639 -5.6479 93.6000 0.0000 0.0000 0.0000 0.0000 0.0000 
7.8292 -5.1418 93.6667 0.0000 0.0000 0.0000 0.0000 0.0000 
8.1601 -4.6121 93.7333 0.0000 0.0000 0.0000 0.0000 0.0000 
8.4552 -4.0612 93.8000 0.0000 0.0000 0.0000 0.0000 0.0000 
8.7132 -3.4914 93.8667 0.0000 0.0000 0.0000 0.0000 0.0000 
8.9328 -2.9053 93.9333 0.0000 0.0000 0.0000 0.0000 0.0000 
9.1129 -2.3053 94.0000 0.0000 0.0000 0.0000 0.0000 0.0000 
9.2528 -1.6944 94.0667 0.0000 0.0000 0.0000 0.0000 0.0000 
9.3518 -1.0749 94.1333 0.0000 0.0000 0.0000 0.0000 0.0000 
9.4092 -0.4499 94.2000 0.0000 0.0000 0.0000 0.0000 0.0000 
9.4250 0.1781 94.2667 0.0000 0.0000 0.0000 0.0000 0.0000 
9.3988 0.8061 94.3333 0.0000 0.0000 0.0000 0.0000 0.0000 
9.3308 1.4315 94.4000 0.0000 0.0000 0.0000 0.0000 0.0000 
9.2213 2.0513 94.4667 0.0000 0.0000 0.0000 0.0000 0.0000 
9.0705 2.6630 94.5333 0.0000 0.0000 0.0000 0.0000 0.0000 
8.8792 3.2635 94.6000 0.0000 0.0000 0.0000 0.0000 0.0000 
8.6482 3.8506 94.6667 0.0000 0.0000 0.0000 0.0000 0.0000 
8.3784 4.4212 94.7333 0.0000 0.0000 0.0000 0.0000 0.0000 
8.0709 4.9730 94.8000 0.0000 0.0000 0.0000 0.0000 0.0000 
7.7271 5.5035 94.8667 0.0000 0.0000 0.0000 0.0000 0.0000 
7.3485 6.0103 94.9333 0.0000 0.0000 0.0000 0.0000 0.0000 
6.9366 6.4910 95.0000 0.0000 0.0000 0.0000 0.0000 0.0000 
6.4933 6.9436 95.0667 0.0000 0.0000 0.0000 0.0000 0.0000 
6.0206 7.3658 95.1333 0.0000 0.0000 0.0000 0.0000 0.0000 
5.5204 7.7560 95.2000 0.0000 0.0000 0.0000 0.0000 0.0000 
4.9950 8.1122 95.2667 0.0000 0.0000 0.0000 0.0000 0.0000 
4.4465 8.4328 95.3333 0.0000 0.0000 0.0000 0.0000 0.0000 
3.8776 8.7164 95.4000 0.0000 0.0000 0.0000 0.0000 0.0000 
3.2906 8.9616 95.4667 0.0000 0.0000 0.0000 0.0000 0.0000 
2.6882 9.1673 95.5333 0.0000 0.0000 0.0000 0.0000 0.0000 
2.0729 9.3326 95.6000 0.0000 0.0000 0.0000 0.0000 0.0000 
1.4477 9.4565 95.6667 0.0000 0.0000 0.0000 0.0000 0.0000 
0.8150 9.5386 95.7333 0.0000 0.0000 0.0000 0.0000 0.0000 
0.1779 9.5783 95.8000 0.0000 0.0000 0.0000 0.0000 0.0000 
-0.4609 9.5756 95.8667 0.0000 0.0000 0.0000 0.0000 0.0000 
-1.0985 9.5302 95.9333 0.0000 0.0000 0.0000 0.0000 0.0000 
-1.7321 9.4424 96.0000 0.0000 0.0000 0.0000 0.0000 0.0000 
-2.3589 9.3125 96.0667 0.0000 0.0000 0.0000 0.0000 0.0000 
-2.9762 9.1410 96.1333 0.0000 0.0000 0.0000 0.0000 0.0000 
-3.5809 8.9287 96.2000 0.0000 0.0000 0.0000 0.0000 0.0000 
-4.1707 8.6763 96.2667 0.0000 0.0000 0.0000 0.0000 0.0000 
-4.7427 8.3850 96.3333 0.0000 0.0000 0.0000 0.0000 0.0000 
-5.2944 8.0560 96.4000 0.0000 0.0000 0.0000 0.0000 0.0000 
-5.8234 7.6907 96.4667 0.0000 0.0000 0.0000 0.0000 0.0000 
-6.3272 7.2907 96.5333 0.0000 0.0000 0.0000 0.0000 0.0000 
-6.8034 6.8578 96.6000 0.0000 0.0000 0.0000 0.0000 0.0000 
-7.2502 6.3937 96.6667 0.0000 0.0000 0.0000 0.0000 0.0000 
-7.6653 5.9006 96.7333 0.0000 0.0000 0.0000 0.0000 0.0000 
-8.0469 5.3805 96.8000 0.0000 0.0000 0.0000 0.0000 0.0000 
-8.3932 4.8358 96.8667 0.0000 0.0000 0.0000 0.0000 0.0000 
-8.7027 4.2689 96.9333 0.0000 0.0000 0.0000 0.0000 0.0000 
-8.9739 3.6822 97.0000 0.0000 0.0000 0.0000 0.0000 0.0000 
-9.2056 3.0783 97.0667 0.0000 0.0000 0.0000 0.0000 0.0000 
-9.3967 2.4599 97.1333 0.0000 0.0000 0.0000 0.0000 0.0000 
-9.5462 1.8297 97.2000 0.0000 0.0000 0.0000 0.0000 0.0000 
-9.6535 1.1906 97.2667 0.0000 0.0000 0.0000 0.0000 0.0000 
-9.7181 0.5451 97.3333 0.0000 0.0000 0.0000 0.0000 0.0000 
-9.7395 -0.1035 97.4000 0.0000 0.0000 0.0000 0.0000 0.0000 
-9.7176 -0.7526 97.4667 0.0000 0.0000 0.0000 0.0000 0.0000 
-9.6524 -1.3993 97.5333 0.0000 0.0000 0.0000 0.0000 0.0000 
-9.5443 -2.0406 97.6000 0.0000 0.0000 0.0000 0.0000 0.0000 
-9.3936 -2.6737 97.6667 0.0000 0.0000 0.0000 0.0000 0.0000 
-9.2009 -3.2958 97.7333 0.0000 0.0000 0.0000 0.0000 0.0000 
-8.9670 -3.9041 97.8000 0.0000 0.0000 0.0000 0.0000 0.0000 
-8.6929 -4.4958 97.8667 0.0000 0.0000 0.0000 0.0000 0.0000 
-8.3798 -5.0684 97.9333 0.0000 0.0000 0.0000 0.0000 0.0000 
-8.0290 -5.6191 98.0000 0.0000 0.0000 0.0000 0.0000 0.0000 
-7.6420 -6.1458 98.0667 0.0000 0.0000 0.0000 0.0000 0.0000 
-7.2206 -6.6457 98.1333 0.0000 0.0000 0.0000 0.0000 0.0000 
-6.7664 -7.1168 98.2000 0.0000 0.0000 0.0000 0.0000 0.0000 
-6.2815 -7.5568 98.2667 0.0000 0.0000 0.0000 0.0000 0.0000 
-5.7680 -7.9640 98.3333 0.0000 0.0000 0.0000 0.0000 0.0000 
-5.2283 -8.3361 98.4000 0.0000 0.0000 0.0000 0.0000 0.0000 
-4.6644 -8.6718 98.4667 0.0000 0.0000 0.0000 0.0000 0.0000 
-4.0792 -8.9693 98.5333 0.0000 0.0000 0.0000 0.0000 0.0000 
-3.4749 -9.2274 98.6000 0.0000 0.0000 0.0000 0.0000 0.0000 
-2.8544 -9.4447 98.6667 0.0000 0.0000 0.0000 0.0000 0.0000 
-2.2204 -9.6204 98.7333 0.0000 0.0000 0.0000 0.0000 0.0000 
-1.5757 -9.7535 98.8000 0.0000 0.0000 0.0000 0.0000 0.0000 
-0.9231 -9.8435 98.8667 0.0000 0.0000 0.0000 0.0000 0.0000 
-0.2654 -9.8898 98.9333 0.0000 0.0000 0.0000 0.0000 0.0000 
0.3943 -9.8921 99.0000 0.0000 0.0000 0.0000 0.0000 0.0000 
1.0530 -9.8505 99.0667 0.0000 0.0000 0.0000 0.0000 0.0000 
1.7081 -9.7651 99.1333 0.0000 0.0000 0.0000 0.0000 0.0000 
2.3564 -9.6361 99.2000 0.0000 0.0000 0.0000 0.0000 0.0000 
2.9951 -9.4640 99.2667 0.0000 0.0000 0.0000 0.0000 0.0000 
3.6214 -9.2497 99.3333 0.0000 0.0000 0.0000 0.0000 0.0000 
4.2324 -8.9939 99.4000 0.0000 0.0000 0.0000 0.0000 0.0000 
4.8253 -8.6978 99.4667 0.0000 0.0000 0.0000 0.0000 0.0000 
5.3977 -8.3626 99.5333 0.0000 0.0000 0.0000 0.0000 0.0000 
5.9467 -7.9899 99.6000 0.0000 0.0000 0.0000 0.0000 0.0000 
6.4701 -7.5810 99.6667 0.0000 0.0000 0.0000 0.0000 0.0000 
6.9654 -7.1379 99.7333 0.0000 0.0000 0.0000 0.0000 0.0000 
7.4304 -6.6625 99.8000 0.0000 0.0000 0.0000 0.0000 0.0000 
7.8630 -6.1568 99.8667 0.0000 0.0000 0.0000 0.0000 0.0000 
8.2612 -5.6231 99.9333 0.0000 0.0000 0.0000 0.0000 0.0000 
