500
-1.0000 0.0000 0.0000 0.0000 0.0000 0.0000 0.0000 0.0000 
-0.9960 0.0001 0.0000 0.0000 0.0007 0.0000 0.0000 0.0000 
-0.9920 0.0003 0.0000 0.0000 0.0022 0.0000 0.0000 0.0000 
-0.9880 0.0006 0.0000 0.0000 0.0036 0.0000 0.0000 0.0000 
-0.9840 0.0012 0.0000 0.0000 0.0050 0.0000 0.0000 0.0000 
-0.9800 0.0018 0.0000 0.0000 0.0065 0.0000 0.0000 0.0000 
-0.9760 0.0026 0.0000 0.0000 0.0079 0.0000 0.0000 0.0000 
-0.9720 0.0035 0.0000 0.0000 0.0094 0.0000 0.0000 0.0000 
-0.9680 0.0046 0.0000 0.0000 0.0108 0.0000 0.0000 0.0000 
-0.9640 0.0058 0.0000 0.0000 0.0122 0.0000 0.0000 0.0000 
-0.9600 0.0072 0.0000 0.0000 0.0137 0.0000 0.0000 0.0000 
-0.9560 0.0087 0.0000 0.0000 0.0151 0.0000 0.0000 0.0000 
-0.9520 0.0104 0.0000 0.0000 0.0166 0.0000 0.0000 0.0000 
-0.9480 0.0122 0.0000 0.0000 0.0180 0.0000 0.0000 0.0000 
-0.9440 0.0141 0.0000 0.0000 0.0194 0.0000 0.0000 0.0000 
-0.9400 0.0162 0.0000 0.0000 0.0209 0.0000 0.0000 0.0000 
-0.9360 0.0184 0.0000 0.0000 0.0223 0.0000 0.0000 0.0000 
-0.9320 0.0208 0.0000 0.0000 0.0238 0.0000 0.0000 0.0000 
-0.9280 0.0233 0.0000 0.0000 0.0252 0.0000 0.0000 0.0000 
-0.9240 0.0260 0.0000 0.0000 0.0266 0.0000 0.0000 0.0000 
-0.9200 0.0288 0.0000 0.0000 0.0281 0.0000 0.0000 0.0000 
-0.9160 0.0317 0.0000 0.0000 0.0295 0.0000 0.0000 0.0000 
-0.9120 0.0348 0.0000 0.0000 0.0309 0.0000 0.0000 0.0000 
-0.9080 0.0381 0.0000 0.0000 0.0324 0.0000 0.0000 0.0000 
-0.9040 0.0415 0.0000 0.0000 0.0338 0.0000 0.0000 0.0000 
-0.9000 0.0450 0.0000 0.0000 0.0352 0.0000 0.0000 0.0000 
-0.8960 0.0486 0.0000 0.0000 0.0367 0.0000 0.0000 0.0000 
-0.8920 0.0525 0.0000 0.0000 0.0381 0.0000 0.0000 0.0000 
-0.8880 0.0564 0.0000 0.0000 0.0395 0.0000 0.0000 0.0000 
-0.8840 0.0605 0.0000 0.0000 0.0410 0.0000 0.0000 0.0000 
-0.8800 0.0647 0.0000 0.0000 0.0424 0.0000 0.0000 0.0000 
-0.8760 0.0691 0.0000 0.0000 0.0438 0.0000 0.0000 0.0000 
-0.8720 0.0736 0.0000 0.0000 0.0452 0.0000 0.0000 0.0000 
-0.8680 0.0783 0.0000 0.0000 0.0466 0.0000 0.0000 0.0000 
-0.8640 0.0831 0.0000 0.0000 0.0480 0.0000 0.0000 0.0000 
-0.8600 0.0881 0.0000 0.0000 0.0495 0.0000 0.0000 0.0000 
-0.8560 0.0931 0.0000 0.0000 0.0509 0.0000 0.0000 0.0000 
-0.8520 0.0984 0.0000 0.0000 0.0523 0.0000 0.0000 0.0000 
-0.8480 0.1037 0.0000 0.0000 0.0537 0.0000 0.0000 0.0000 
-0.8440 0.1092 0.0000 0.0000 0.0551 0.0000 0.0000 0.0000 
-0.8400 0.1149 0.0000 0.0000 0.0564 0.0000 0.0000 0.0000 
-0.8360 0.1207 0.0000 0.0000 0.0578 0.0000 0.0000 0.0000 
-0.8320 0.1266 0.0000 0.0000 0.0592 0.0000 0.0000 0.0000 
-0.8280 0.1326 0.0000 0.0000 0.0606 0.0000 0.0000 0.0000 
-0.8240 0.1388 0.0000 0.0000 0.0619 0.0000 0.0000 0.0000 
-0.8200 0.1452 0.0000 0.0000 0.0633 0.0000 0.0000 0.0000 
-0.8160 0.1516 0.0000 0.0000 0.0646 0.0000 0.0000 0.0000 
-0.8120 0.1582 0.0000 0.0000 0.0660 0.0000 0.0000 0.0000 
-0.8080 0.1650 0.0000 0.0000 0.0673 0.0000 0.0000 0.0000 
-0.8040 0.1718 0.0000 0.0000 0.0686 0.0000 0.0000 0.0000 
-0.8000 0.1788 0.0000 0.0000 0.0699 0.0000 0.0000 0.0000 
-0.7960 0.1859 0.0000 0.0000 0.0712 0.0000 0.0000 0.0000 
-0.7920 0.1932 0.0000 0.0000 0.0725 0.0000 0.0000 0.0000 
-0.7880 0.2006 0.0000 0.0000 0.0738 0.0000 0.0000 0.0000 
-0.7840 0.2081 0.0000 0.0000 0.0750 0.0000 0.0000 0.0000 
-0.7800 0.2157 0.0000 0.0000 0.0763 0.0000 0.0000 0.0000 
-0.7760 0.2234 0.0000 0.0000 0.0775 0.0000 0.0000 0.0000 
-0.7720 0.2313 0.0000 0.0000 0.0787 0.0000 0.0000 0.0000 
-0.7680 0.2393 0.0000 0.0000 0.0799 0.0000 0.0000 0.0000 
-0.7640 0.2474 0.0000 0.0000 0.0811 0.0000 0.0000 0.0000 
-0.7600 0.2556 0.0000 0.0000 0.0823 0.0000 0.0000 0.0000 
-0.7560 0.2640 0.0000 0.0000 0.0834 0.0000 0.0000 0.0000 
-0.7520 0.2724 0.0000 0.0000 0.0845 0.0000 0.0000 0.0000 
-0.7480 0.2810 0.0000 0.0000 0.0856 0.0000 0.0000 0.0000 
-0.7440 0.2897 0.0000 0.0000 0.0867 0.0000 0.0000 0.0000 
-0.7400 0.2984 0.0000 0.0000 0.0878 0.0000 0.0000 0.0000 
-0.7360 0.3073 0.0000 0.0000 0.0888 0.0000 0.0000 0.0000 
-0.7320 0.3163 0.0000 0.0000 0.0898 0.0000 0.0000 0.0000 
-0.7280 0.3254 0.0000 0.0000 0.0908 0.0000 0.0000 0.0000 
-0.7240 0.3346 0.0000 0.0000 0.0918 0.0000 0.0000 0.0000 
-0.7200 0.3438 0.0000 0.0000 0.0927 0.0000 0.0000 0.0000 
-0.7160 0.3532 0.0000 0.0000 0.0936 0.0000 0.0000 0.0000 
-0.7120 0.3626 0.0000 0.0000 0.0945 0.0000 0.0000 0.0000 
-0.7080 0.3722 0.0000 0.0000 0.0953 0.0000 0.0000 0.0000 
-0.7040 0.3818 0.0000 0.0000 0.0961 0.0000 0.0000 0.0000 
-0.7000 0.3915 0.0000 0.0000 0.0969 0.0000 0.0000 0.0000 
-0.6960 0.4012 0.0000 0.0000 0.0976 0.0000 0.0000 0.0000 
-0.6920 0.4111 0.0000 0.0000 0.0983 0.0000 0.0000 0.0000 
-0.6880 0.4210 0.0000 0.0000 0.0990 0.0000 0.0000 0.0000 
-0.6840 0.4309 0.0000 0.0000 0.0996 0.0000 0.0000 0.0000 
-0.6800 0.4409 0.0000 0.0000 0.1002 0.0000 0.0000 0.0000 
-0.6760 0.4510 0.0000 0.0000 0.1007 0.0000 0.0000 0.0000 
-0.6720 0.4611 0.0000 0.0000 0.1012 0.0000 0.0000 0.0000 
-0.6680 0.4713 0.0000 0.0000 0.1016 0.0000 0.0000 0.0000 
-0.6640 0.4815 0.0000 0.0000 0.1020 0.0000 0.0000 0.0000 
-0.6600 0.4917 0.0000 0.0000 0.1024 0.0000 0.0000 0.0000 
-0.6560 0.5020 0.0000 0.0000 0.1027 0.0000 0.0000 0.0000 
-0.6520 0.5123 0.0000 0.0000 0.1029 0.0000 0.0000 0.0000 
-0.6480 0.5226 0.0000 0.0000 0.1031 0.0000 0.0000 0.0000 
-0.6440 0.5329 0.0000 0.0000 0.1032 0.0000 0.0000 0.0000 
-0.6400 0.5432 0.0000 0.0000 0.1033 0.0000 0.0000 0.0000 
-0.6360 0.5536 0.0000 0.0000 0.1033 0.0000 0.0000 0.0000 
-0.6320 0.5639 0.0000 0.0000 0.1033 0.0000 0.0000 0.0000 
-0.6280 0.5742 0.0000 0.0000 0.1032 0.0000 0.0000 0.0000 
-0.6240 0.5845 0.0000 0.0000 0.1030 0.0000 0.0000 0.0000 
-0.6200 0.5948 0.0000 0.0000 0.1028 0.0000 0.0000 0.0000 
-0.6160 0.6050 0.0000 0.0000 0.1025 0.0000 0.0000 0.0000 
-0.6120 0.6153 0.0000 0.0000 0.1021 0.0000 0.0000 0.0000 
-0.6080 0.6254 0.0000 0.0000 0.1017 0.0000 0.0000 0.0000 
-0.6040 0.6356 0.0000 0.0000 0.1012 0.0000 0.0000 0.0000 
-0.6000 0.6456 0.0000 0.0000 0.1006 0.0000 0.0000 0.0000 
-0.5960 0.6556 0.0000 0.0000 0.1000 0.0000 0.0000 0.0000 
-0.5920 0.6655 0.0000 0.0000 0.0993 0.0000 0.0000 0.0000 
-0.5880 0.6754 0.0000 0.0000 0.0985 0.0000 0.0000 0.0000 
-0.5840 0.6851 0.0000 0.0000 0.0976 0.0000 0.0000 0.0000 
-0.5800 0.6948 0.0000 0.0000 0.0966 0.0000 0.0000 0.0000 
-0.5760 0.7044 0.0000 0.0000 0.0956 0.0000 0.0000 0.0000 
-0.5720 0.7138 0.0000 0.0000 0.0944 0.0000 0.0000 0.0000 
-0.5680 0.7231 0.0000 0.0000 0.0932 0.0000 0.0000 0.0000 
-0.5640 0.7323 0.0000 0.0000 0.0919 0.0000 0.0000 0.0000 
-0.5600 0.7414 0.0000 0.0000 0.0905 0.0000 0.0000 0.0000 
-0.5560 0.7503 0.0000 0.0000 0.0890 0.0000 0.0000 0.0000 
-0.5520 0.7590 0.0000 0.0000 0.0875 0.0000 0.0000 0.0000 
-0.5480 0.7676 0.0000 0.0000 0.0858 0.0000 0.0000 0.0000 
-0.5440 0.7760 0.0000 0.0000 0.0841 0.0000 0.0000 0.0000 
-0.5400 0.7842 0.0000 0.0000 0.0822 0.0000 0.0000 0.0000 
-0.5360 0.7923 0.0000 0.0000 0.0803 0.0000 0.0000 0.0000 
-0.5320 0.8001 0.0000 0.0000 0.0782 0.0000 0.0000 0.0000 
-0.5280 0.8077 0.0000 0.0000 0.0761 0.0000 0.0000 0.0000 
-0.5240 0.8151 0.0000 0.0000 0.0738 0.0000 0.0000 0.0000 
-0.5200 0.8222 0.0000 0.0000 0.0715 0.0000 0.0000 0.0000 
-0.5160 0.8291 0.0000 0.0000 0.0690 0.0000 0.0000 0.0000 
-0.5120 0.8358 0.0000 0.0000 0.0665 0.0000 0.0000 0.0000 
-0.5080 0.8422 0.0000 0.0000 0.0638 0.0000 0.0000 0.0000 
-0.5040 0.8483 0.0000 0.0000 0.0611 0.0000 0.0000 0.0000 
-0.5000 0.8541 0.0000 0.0000 0.0582 0.0000 0.0000 0.0000 
-0.4960 0.8596 0.0000 0.0000 0.0553 0.0000 0.0000 0.0000 
-0.4920 0.8648 0.0000 0.0000 0.0522 0.0000 0.0000 0.0000 
-0.4880 0.8697 0.0000 0.0000 0.0490 0.0000 0.0000 0.0000 
-0.4840 0.8743 0.0000 0.0000 0.0457 0.0000 0.0000 0.0000 
-0.4800 0.8785 0.0000 0.0000 0.0424 0.0000 0.0000 0.0000 
-0.4760 0.8824 0.0000 0.0000 0.0389 0.0000 0.0000 0.0000 
-0.4720 0.8860 0.0000 0.0000 0.0353 0.0000 0.0000 0.0000 
-0.4680 0.8891 0.0000 0.0000 0.0316 0.0000 0.0000 0.0000 
-0.4640 0.8919 0.0000 0.0000 0.0278 0.0000 0.0000 0.0000 
-0.4600 0.8943 0.0000 0.0000 0.0239 0.0000 0.0000 0.0000 
-0.4560 0.8963 0.0000 0.0000 0.0199 0.0000 0.0000 0.0000 
-0.4520 0.8978 0.0000 0.0000 0.0157 0.0000 0.0000 0.0000 
-0.4480 0.8990 0.0000 0.0000 0.0115 0.0000 0.0000 0.0000 
-0.4440 0.8997 0.0000 0.0000 0.0072 0.0000 0.0000 0.0000 
-0.4400 0.9000 0.0000 0.0000 0.0028 0.0000 0.0000 0.0000 
-0.4360 0.8998 0.0000 0.0017 0.0000 0.0000 0.0000 0.0000 
-0.4320 0.8992 0.0000 0.0063 0.0000 0.0000 0.0000 0.0000 
-0.4280 0.8981 0.0000 0.0110 0.0000 0.0000 0.0000 0.0000 
-0.4240 0.8965 0.0000 0.0158 0.0000 0.0000 0.0000 0.0000 
-0.4200 0.8944 0.0000 0.0207 0.0000 0.0000 0.0000 0.0000 
-0.4160 0.8919 0.0000 0.0257 0.0000 0.0000 0.0000 0.0000 
-0.4120 0.8888 0.0000 0.0307 0.0000 0.0000 0.0000 0.0000 
-0.4080 0.8852 0.0000 0.0359 0.0000 0.0000 0.0000 0.0000 
-0.4040 0.8811 0.0000 0.0411 0.0000 0.0000 0.0000 0.0000 
-0.4000 0.8765 0.0000 0.0464 0.0000 0.0000 0.0000 0.0000 
-0.3960 0.8713 0.0000 0.0518 0.0000 0.0000 0.0000 0.0000 
-0.3920 0.8656 0.0000 0.0572 0.0000 0.0000 0.0000 0.0000 
-0.3880 0.8593 0.0000 0.0627 0.0000 0.0000 0.0000 0.0000 
-0.3840 0.8525 0.0000 0.0683 0.0000 0.0000 0.0000 0.0000 
-0.3800 0.8451 0.0000 0.0739 0.0000 0.0000 0.0000 0.0000 
-0.3760 0.8371 0.0000 0.0796 0.0000 0.0000 0.0000 0.0000 
-0.3720 0.8286 0.0000 0.0854 0.0000 0.0000 0.0000 0.0000 
-0.3680 0.8194 0.0000 0.0912 0.0000 0.0000 0.0000 0.0000 
-0.3640 0.8097 0.0000 0.0970 0.0000 0.0000 0.0000 0.0000 
-0.3600 0.7995 0.0000 0.1029 0.0000 0.0000 0.0000 0.0000 
-0.3560 0.7886 0.0000 0.1088 0.0000 0.0000 0.0000 0.0000 
-0.3520 0.7771 0.0000 0.1147 0.0000 0.0000 0.0000 0.0000 
-0.3480 0.7650 0.0000 0.1207 0.0000 0.0000 0.0000 0.0000 
-0.3440 0.7524 0.0000 0.1266 0.0000 0.0000 0.0000 0.0000 
-0.3400 0.7391 0.0000 0.1326 0.0000 0.0000 0.0000 0.0000 
-0.3360 0.7253 0.0000 0.1386 0.0000 0.0000 0.0000 0.0000 
-0.3320 0.7108 0.0000 0.1445 0.0000 0.0000 0.0000 0.0000 
-0.3280 0.6958 0.0000 0.1505 0.0000 0.0000 0.0000 0.0000 
-0.3240 0.6801 0.0000 0.1564 0.0000 0.0000 0.0000 0.0000 
-0.3200 0.6639 0.0000 0.1623 0.0000 0.0000 0.0000 0.0000 
-0.3160 0.6471 0.0000 0.1682 0.0000 0.0000 0.0000 0.0000 
-0.3120 0.6297 0.0000 0.1741 0.0000 0.0000 0.0000 0.0000 
-0.3080 0.6117 0.0000 0.1799 0.0000 0.0000 0.0000 0.0000 
-0.3040 0.5931 0.0000 0.1856 0.0000 0.0000 0.0000 0.0000 
-0.3000 0.5740 0.0000 0.1913 0.0000 0.0000 0.0000 0.0000 
-0.2960 0.5543 0.0000 0.1969 0.0000 0.0000 0.0000 0.0000 
-0.2920 0.5341 0.0000 0.2024 0.0000 0.0000 0.0000 0.0000 
-0.2880 0.5133 0.0000 0.2079 0.0000 0.0000 0.0000 0.0000 
-0.2840 0.4920 0.0000 0.2132 0.0000 0.0000 0.0000 0.0000 
-0.2800 0.4701 0.0000 0.2184 0.0000 0.0000 0.0000 0.0000 
-0.2760 0.4477 0.0000 0.2236 0.0000 0.0000 0.0000 0.0000 
-0.2720 0.4249 0.0000 0.2286 0.0000 0.0000 0.0000 0.0000 
-0.2680 0.4015 0.0000 0.2334 0.0000 0.0000 0.0000 0.0000 
-0.2640 0.3777 0.0000 0.2382 0.0000 0.0000 0.0000 0.0000 
-0.2600 0.3535 0.0000 0.2428 0.0000 0.0000 0.0000 0.0000 
-0.2560 0.3287 0.0000 0.2472 0.0000 0.0000 0.0000 0.0000 
-0.2520 0.3036 0.0000 0.2514 0.0000 0.0000 0.0000 0.0000 
-0.2480 0.2780 0.0000 0.2555 0.0000 0.0000 0.0000 0.0000 
-0.2440 0.2521 0.0000 0.2594 0.0000 0.0000 0.0000 0.0000 
-0.2400 0.2258 0.0000 0.2631 0.0000 0.0000 0.0000 0.0000 
-0.2360 0.1991 0.0000 0.2666 0.0000 0.0000 0.0000 0.0000 
-0.2320 0.1722 0.0000 0.2698 0.0000 0.0000 0.0000 0.0000 
-0.2280 0.1449 0.0000 0.2729 0.0000 0.0000 0.0000 0.0000 
-0.2240 0.1173 0.0000 0.2757 0.0000 0.0000 0.0000 0.0000 
-0.2200 0.0895 0.0000 0.2782 0.0000 0.0000 0.0000 0.0000 
-0.2160 0.0614 0.0000 0.2805 0.0000 0.0000 0.0000 0.0000 
-0.2120 0.0332 0.0000 0.2826 0.0000 0.0000 0.0000 0.0000 
-0.2080 0.0047 0.0000 0.2843 0.0000 0.0000 0.0000 0.0000 
-0.2040 -0.0238 0.0000 0.2858 0.0000 0.0000 0.0000 0.0000 
-0.2000 -0.0525 0.0000 0.2870 0.0000 0.0000 0.0000 0.0000 
-0.1960 -0.0813 0.0000 0.2879 0.0000 0.0000 0.0000 0.0000 
-0.1920 -0.1102 0.0000 0.2885 0.0000 0.0000 0.0000 0.0000 
-0.1880 -0.1391 0.0000 0.2888 0.0000 0.0000 0.0000 0.0000 
-0.1840 -0.1679 0.0000 0.2887 0.0000 0.0000 0.0000 0.0000 
-0.1800 -0.1968 0.0000 0.2884 0.0000 0.0000 0.0000 0.0000 
-0.1760 -0.2255 0.0000 0.2876 0.0000 0.0000 0.0000 0.0000 
-0.1720 -0.2542 0.0000 0.2866 0.0000 0.0000 0.0000 0.0000 
-0.1680 -0.2827 0.0000 0.2852 0.0000 0.0000 0.0000 0.0000 
-0.1640 -0.3110 0.0000 0.2834 0.0000 0.0000 0.0000 0.0000 
-0.1600 -0.3392 0.0000 0.2813 0.0000 0.0000 0.0000 0.0000 
-0.1560 -0.3671 0.0000 0.2788 0.0000 0.0000 0.0000 0.0000 
-0.1520 -0.3946 0.0000 0.2759 0.0000 0.0000 0.0000 0.0000 
-0.1480 -0.4219 0.0000 0.2727 0.0000 0.0000 0.0000 0.0000 
-0.1440 -0.4488 0.0000 0.2691 0.0000 0.0000 0.0000 0.0000 
-0.1400 -0.4753 0.0000 0.2650 0.0000 0.0000 0.0000 0.0000 
-0.1360 -0.5014 0.0000 0.2606 0.0000 0.0000 0.0000 0.0000 
-0.1320 -0.5270 0.0000 0.2558 0.0000 0.0000 0.0000 0.0000 
-0.1280 -0.5520 0.0000 0.2507 0.0000 0.0000 0.0000 0.0000 
-0.1240 -0.5765 0.0000 0.2451 0.0000 0.0000 0.0000 0.0000 
-0.1200 -0.6005 0.0000 0.2391 0.0000 0.0000 0.0000 0.0000 
-0.1160 -0.6237 0.0000 0.2327 0.0000 0.0000 0.0000 0.0000 
-0.1120 -0.6463 0.0000 0.2260 0.0000 0.0000 0.0000 0.0000 
-0.1080 -0.6682 0.0000 0.2188 0.0000 0.0000 0.0000 0.0000 
-0.1040 -0.6893 0.0000 0.2113 0.0000 0.0000 0.0000 0.0000 
-0.1000 -0.7097 0.0000 0.2034 0.0000 0.0000 0.0000 0.0000 
-0.0960 -0.7292 0.0000 0.1950 0.0000 0.0000 0.0000 0.0000 
-0.0920 -0.7478 0.0000 0.1863 0.0000 0.0000 0.0000 0.0000 
-0.0880 -0.7655 0.0000 0.1773 0.0000 0.0000 0.0000 0.0000 
-0.0840 -0.7823 0.0000 0.1679 0.0000 0.0000 0.0000 0.0000 
-0.0800 -0.7981 0.0000 0.1581 0.0000 0.0000 0.0000 0.0000 
-0.0760 -0.8129 0.0000 0.1479 0.0000 0.0000 0.0000 0.0000 
-0.0720 -0.8267 0.0000 0.1374 0.0000 0.0000 0.0000 0.0000 
-0.0680 -0.8393 0.0000 0.1266 0.0000 0.0000 0.0000 0.0000 
-0.0640 -0.8509 0.0000 0.1155 0.0000 0.0000 0.0000 0.0000 
-0.0600 -0.8613 0.0000 0.1040 0.0000 0.0000 0.0000 0.0000 
-0.0560 -0.8705 0.0000 0.0923 0.0000 0.0000 0.0000 0.0000 
-0.0520 -0.8785 0.0000 0.0802 0.0000 0.0000 0.0000 0.0000 
-0.0480 -0.8853 0.0000 0.0679 0.0000 0.0000 0.0000 0.0000 
-0.0440 -0.8909 0.0000 0.0553 0.0000 0.0000 0.0000 0.0000 
-0.0400 -0.8951 0.0000 0.0425 0.0000 0.0000 0.0000 0.0000 
-0.0360 -0.8980 0.0000 0.0295 0.0000 0.0000 0.0000 0.0000 
-0.0320 -0.8997 0.0000 0.0162 0.0000 0.0000 0.0000 0.0000 
-0.0280 -0.8999 0.0000 0.0027 0.0000 0.0000 0.0000 0.0000 
-0.0240 -0.8989 0.0000 0.0000 0.0109 0.0000 0.0000 0.0000 
-0.0200 -0.8964 0.0000 0.0000 0.0246 0.0000 0.0000 0.0000 
-0.0160 -0.8925 0.0000 0.0000 0.0385 0.0000 0.0000 0.0000 
-0.0120 -0.8873 0.0000 0.0000 0.0526 0.0000 0.0000 0.0000 
-0.0080 -0.8806 0.0000 0.0000 0.0667 0.0000 0.0000 0.0000 
-0.0040 -0.8725 0.0000 0.0000 0.0808 0.0000 0.0000 0.0000 
0.0000 -0.8630 0.0000 0.0000 0.0950 0.0000 0.0000 0.0000 
0.0040 -0.8521 0.0000 0.0000 0.1092 0.0000 0.0000 0.0000 
0.0080 -0.8398 0.0000 0.0000 0.1234 0.0000 0.0000 0.0000 
0.0120 -0.8260 0.0000 0.0000 0.1376 0.0000 0.0000 0.0000 
0.0160 -0.8108 0.0000 0.0000 0.1517 0.0000 0.0000 0.0000 
0.0200 -0.7943 0.0000 0.0000 0.1657 0.0000 0.0000 0.0000 
0.0240 -0.7763 0.0000 0.0000 0.1796 0.0000 0.0000 0.0000 
0.0280 -0.7570 0.0000 0.0000 0.1934 0.0000 0.0000 0.0000 
0.0320 -0.7363 0.0000 0.0000 0.2069 0.0000 0.0000 0.0000 
0.0360 -0.7142 0.0000 0.0000 0.2203 0.0000 0.0000 0.0000 
0.0400 -0.6909 0.0000 0.0000 0.2335 0.0000 0.0000 0.0000 
0.0440 -0.6663 0.0000 0.0000 0.2463 0.0000 0.0000 0.0000 
0.0480 -0.6404 0.0000 0.0000 0.2589 0.0000 0.0000 0.0000 
0.0520 -0.6133 0.0000 0.0000 0.2712 0.0000 0.0000 0.0000 
0.0560 -0.5849 0.0000 0.0000 0.2831 0.0000 0.0000 0.0000 
0.0600 -0.5555 0.0000 0.0000 0.2946 0.0000 0.0000 0.0000 
0.0640 -0.5249 0.0000 0.0000 0.3057 0.0000 0.0000 0.0000 
0.0680 -0.4933 0.0000 0.0000 0.3164 0.0000 0.0000 0.0000 
0.0720 -0.4606 0.0000 0.0000 0.3266 0.0000 0.0000 0.0000 
0.0760 -0.4270 0.0000 0.0000 0.3363 0.0000 0.0000 0.0000 
0.0800 -0.3924 0.0000 0.0000 0.3455 0.0000 0.0000 0.0000 
0.0840 -0.3570 0.0000 0.0000 0.3541 0.0000 0.0000 0.0000 
0.0880 -0.3208 0.0000 0.0000 0.3621 0.0000 0.0000 0.0000 
0.0920 -0.2838 0.0000 0.0000 0.3696 0.0000 0.0000 0.0000 
0.0960 -0.2462 0.0000 0.0000 0.3763 0.0000 0.0000 0.0000 
0.1000 -0.2080 0.0000 0.0000 0.3824 0.0000 0.0000 0.0000 
0.1040 -0.1692 0.0000 0.0000 0.3879 0.0000 0.0000 0.0000 
0.1080 -0.1299 0.0000 0.0000 0.3926 0.0000 0.0000 0.0000 
0.1120 -0.0903 0.0000 0.0000 0.3966 0.0000 0.0000 0.0000 
0.1160 -0.0503 0.0000 0.0000 0.3998 0.0000 0.0000 0.0000 
0.1200 -0.0101 0.0000 0.0000 0.4022 0.0000 0.0000 0.0000 
0.1240 0.0303 0.0000 0.0000 0.4039 0.0000 0.0000 0.0000 
0.1280 0.0708 0.0000 0.0000 0.4047 0.0000 0.0000 0.0000 
0.1320 0.1113 0.0000 0.0000 0.4047 0.0000 0.0000 0.0000 
0.1360 0.1516 0.0000 0.0000 0.4038 0.0000 0.0000 0.0000 
0.1400 0.1919 0.0000 0.0000 0.4021 0.0000 0.0000 0.0000 
0.1440 0.2318 0.0000 0.0000 0.3995 0.0000 0.0000 0.0000 
0.1480 0.2714 0.0000 0.0000 0.3961 0.0000 0.0000 0.0000 
0.1520 0.3106 0.0000 0.0000 0.3917 0.0000 0.0000 0.0000 
0.1560 0.3492 0.0000 0.0000 0.3865 0.0000 0.0000 0.0000 
0.1600 0.3873 0.0000 0.0000 0.3803 0.0000 0.0000 0.0000 
0.1640 0.4246 0.0000 0.0000 0.3733 0.0000 0.0000 0.0000 
0.1680 0.4611 0.0000 0.0000 0.3654 0.0000 0.0000 0.0000 
0.1720 0.4968 0.0000 0.0000 0.3565 0.0000 0.0000 0.0000 
0.1760 0.5315 0.0000 0.0000 0.3468 0.0000 0.0000 0.0000 
0.1800 0.5651 0.0000 0.0000 0.3362 0.0000 0.0000 0.0000 
0.1840 0.5976 0.0000 0.0000 0.3247 0.0000 0.0000 0.0000 
0.1880 0.6288 0.0000 0.0000 0.3124 0.0000 0.0000 0.0000 
0.1920 0.6587 0.0000 0.0000 0.2993 0.0000 0.0000 0.0000 
0.1960 0.6873 0.0000 0.0000 0.2853 0.0000 0.0000 0.0000 
0.2000 0.7143 0.0000 0.0000 0.2705 0.0000 0.0000 0.0000 
0.2040 0.7398 0.0000 0.0000 0.2549 0.0000 0.0000 0.0000 
0.2080 0.7636 0.0000 0.0000 0.2385 0.0000 0.0000 0.0000 
0.2120 0.7858 0.0000 0.0000 0.2215 0.0000 0.0000 0.0000 
0.2160 0.8062 0.0000 0.0000 0.2037 0.0000 0.0000 0.0000 
0.2200 0.8247 0.0000 0.0000 0.1853 0.0000 0.0000 0.0000 
0.2240 0.8413 0.0000 0.0000 0.1662 0.0000 0.0000 0.0000 
0.2280 0.8560 0.0000 0.0000 0.1466 0.0000 0.0000 0.0000 
0.2320 0.8686 0.0000 0.0000 0.1264 0.0000 0.0000 0.0000 
0.2360 0.8792 0.0000 0.0000 0.1057 0.0000 0.0000 0.0000 
0.2400 0.8876 0.0000 0.0000 0.0845 0.0000 0.0000 0.0000 
0.2440 0.8939 0.0000 0.0000 0.0629 0.0000 0.0000 0.0000 
0.2480 0.8980 0.0000 0.0000 0.0409 0.0000 0.0000 0.0000 
0.2520 0.8999 0.0000 0.0000 0.0187 0.0000 0.0000 0.0000 
0.2560 0.8995 0.0000 0.0039 0.0000 0.0000 0.0000 0.0000 
0.2600 0.8968 0.0000 0.0266 0.0000 0.0000 0.0000 0.0000 
0.2640 0.8919 0.0000 0.0495 0.0000 0.0000 0.0000 0.0000 
0.2680 0.8846 0.0000 0.0725 0.0000 0.0000 0.0000 0.0000 
0.2720 0.8751 0.0000 0.0955 0.0000 0.0000 0.0000 0.0000 
0.2760 0.8632 0.0000 0.1185 0.0000 0.0000 0.0000 0.0000 
0.2800 0.8491 0.0000 0.1414 0.0000 0.0000 0.0000 0.0000 
0.2840 0.8327 0.0000 0.1641 0.0000 0.0000 0.0000 0.0000 
0.2880 0.8140 0.0000 0.1867 0.0000 0.0000 0.0000 0.0000 
0.2920 0.7931 0.0000 0.2089 0.0000 0.0000 0.0000 0.0000 
0.2960 0.7700 0.0000 0.2307 0.0000 0.0000 0.0000 0.0000 
0.3000 0.7448 0.0000 0.2522 0.0000 0.0000 0.0000 0.0000 
0.3040 0.7175 0.0000 0.2731 0.0000 0.0000 0.0000 0.0000 
0.3080 0.6882 0.0000 0.2935 0.0000 0.0000 0.0000 0.0000 
0.3120 0.6568 0.0000 0.3132 0.0000 0.0000 0.0000 0.0000 
0.3160 0.6236 0.0000 0.3323 0.0000 0.0000 0.0000 0.0000 
0.3200 0.5885 0.0000 0.3506 0.0000 0.0000 0.0000 0.0000 
0.3240 0.5517 0.0000 0.3681 0.0000 0.0000 0.0000 0.0000 
0.3280 0.5133 0.0000 0.3847 0.0000 0.0000 0.0000 0.0000 
0.3320 0.4732 0.0000 0.4004 0.0000 0.0000 0.0000 0.0000 
0.3360 0.4317 0.0000 0.4150 0.0000 0.0000 0.0000 0.0000 
0.3400 0.3889 0.0000 0.4286 0.0000 0.0000 0.0000 0.0000 
0.3440 0.3447 0.0000 0.4411 0.0000 0.0000 0.0000 0.0000 
0.3480 0.2995 0.0000 0.4524 0.0000 0.0000 0.0000 0.0000 
0.3520 0.2533 0.0000 0.4624 0.0000 0.0000 0.0000 0.0000 
0.3560 0.2061 0.0000 0.4712 0.0000 0.0000 0.0000 0.0000 
0.3600 0.1583 0.0000 0.4787 0.0000 0.0000 0.0000 0.0000 
0.3640 0.1098 0.0000 0.4848 0.0000 0.0000 0.0000 0.0000 
0.3680 0.0608 0.0000 0.4895 0.0000 0.0000 0.0000 0.0000 
0.3720 0.0116 0.0000 0.4927 0.0000 0.0000 0.0000 0.0000 
0.3760 -0.0379 0.0000 0.4945 0.0000 0.0000 0.0000 0.0000 
0.3800 -0.0874 0.0000 0.4948 0.0000 0.0000 0.0000 0.0000 
0.3840 -0.1367 0.0000 0.4936 0.0000 0.0000 0.0000 0.0000 
0.3880 -0.1858 0.0000 0.4908 0.0000 0.0000 0.0000 0.0000 
0.3920 -0.2345 0.0000 0.4865 0.0000 0.0000 0.0000 0.0000 
0.3960 -0.2825 0.0000 0.4806 0.0000 0.0000 0.0000 0.0000 
0.4000 -0.3298 0.0000 0.4732 0.0000 0.0000 0.0000 0.0000 
0.4040 -0.3762 0.0000 0.4642 0.0000 0.0000 0.0000 0.0000 
0.4080 -0.4216 0.0000 0.4536 0.0000 0.0000 0.0000 0.0000 
0.4120 -0.4658 0.0000 0.4415 0.0000 0.0000 0.0000 0.0000 
0.4160 -0.5086 0.0000 0.4279 0.0000 0.0000 0.0000 0.0000 
0.4200 -0.5498 0.0000 0.4128 0.0000 0.0000 0.0000 0.0000 
0.4240 -0.5894 0.0000 0.3962 0.0000 0.0000 0.0000 0.0000 
0.4280 -0.6273 0.0000 0.3782 0.0000 0.0000 0.0000 0.0000 
0.4320 -0.6631 0.0000 0.3587 0.0000 0.0000 0.0000 0.0000 
0.4360 -0.6969 0.0000 0.3379 0.0000 0.0000 0.0000 0.0000 
0.4400 -0.7285 0.0000 0.3158 0.0000 0.0000 0.0000 0.0000 
0.4440 -0.7578 0.0000 0.2925 0.0000 0.0000 0.0000 0.0000 
0.4480 -0.7846 0.0000 0.2680 0.0000 0.0000 0.0000 0.0000 
0.4520 -0.8088 0.0000 0.2424 0.0000 0.0000 0.0000 0.0000 
0.4560 -0.8304 0.0000 0.2158 0.0000 0.0000 0.0000 0.0000 
0.4600 -0.8492 0.0000 0.1882 0.0000 0.0000 0.0000 0.0000 
0.4640 -0.8652 0.0000 0.1597 0.0000 0.0000 0.0000 0.0000 
0.4680 -0.8782 0.0000 0.1304 0.0000 0.0000 0.0000 0.0000 
0.4720 -0.8883 0.0000 0.1005 0.0000 0.0000 0.0000 0.0000 
0.4760 -0.8953 0.0000 0.0699 0.0000 0.0000 0.0000 0.0000 
0.4800 -0.8991 0.0000 0.0389 0.0000 0.0000 0.0000 0.0000 
0.4840 -0.8999 0.0000 0.0074 0.0000 0.0000 0.0000 0.0000 
0.4880 -0.8975 0.0000 0.0000 0.0243 0.0000 0.0000 0.0000 
0.4920 -0.8918 0.0000 0.0000 0.0562 0.0000 0.0000 0.0000 
0.4960 -0.8830 0.0000 0.0000 0.0881 0.0000 0.0000 0.0000 
0.5000 -0.8710 0.0000 0.0000 0.1200 0.0000 0.0000 0.0000 
0.5040 -0.8559 0.0000 0.0000 0.1517 0.0000 0.0000 0.0000 
0.5080 -0.8375 0.0000 0.0000 0.1831 0.0000 0.0000 0.0000 
0.5120 -0.8161 0.0000 0.0000 0.2141 0.0000 0.0000 0.0000 
0.5160 -0.7917 0.0000 0.0000 0.2446 0.0000 0.0000 0.0000 
0.5200 -0.7642 0.0000 0.0000 0.2744 0.0000 0.0000 0.0000 
0.5240 -0.7339 0.0000 0.0000 0.3034 0.0000 0.0000 0.0000 
0.5280 -0.7007 0.0000 0.0000 0.3315 0.0000 0.0000 0.0000 
0.5320 -0.6649 0.0000 0.0000 0.3585 0.0000 0.0000 0.0000 
0.5360 -0.6265 0.0000 0.0000 0.3845 0.0000 0.0000 0.0000 
0.5400 -0.5855 0.0000 0.0000 0.4091 0.0000 0.0000 0.0000 
0.5440 -0.5423 0.0000 0.0000 0.4324 0.0000 0.0000 0.0000 
0.5480 -0.4969 0.0000 0.0000 0.4543 0.0000 0.0000 0.0000 
0.5520 -0.4494 0.0000 0.0000 0.4745 0.0000 0.0000 0.0000 
0.5560 -0.4001 0.0000 0.0000 0.4931 0.0000 0.0000 0.0000 
0.5600 -0.3491 0.0000 0.0000 0.5098 0.0000 0.0000 0.0000 
0.5640 -0.2966 0.0000 0.0000 0.5248 0.0000 0.0000 0.0000 
0.5680 -0.2429 0.0000 0.0000 0.5377 0.0000 0.0000 0.0000 
0.5720 -0.1880 0.0000 0.0000 0.5486 0.0000 0.0000 0.0000 
0.5760 -0.1323 0.0000 0.0000 0.5575 0.0000 0.0000 0.0000 
0.5800 -0.0758 0.0000 0.0000 0.5642 0.0000 0.0000 0.0000 
0.5840 -0.0190 0.0000 0.0000 0.5686 0.0000 0.0000 0.0000 
0.5880 0.0381 0.0000 0.0000 0.5708 0.0000 0.0000 0.0000 
0.5920 0.0952 0.0000 0.0000 0.5707 0.0000 0.0000 0.0000 
0.5960 0.1520 0.0000 0.0000 0.5683 0.0000 0.0000 0.0000 
0.6000 0.2084 0.0000 0.0000 0.5635 0.0000 0.0000 0.0000 
0.6040 0.2640 0.0000 0.0000 0.5564 0.0000 0.0000 0.0000 
0.6080 0.3187 0.0000 0.0000 0.5469 0.0000 0.0000 0.0000 
0.6120 0.3722 0.0000 0.0000 0.5351 0.0000 0.0000 0.0000 
0.6160 0.4243 0.0000 0.0000 0.5209 0.0000 0.0000 0.0000 
0.6200 0.4747 0.0000 0.0000 0.5045 0.0000 0.0000 0.0000 
0.6240 0.5233 0.0000 0.0000 0.4857 0.0000 0.0000 0.0000 
0.6280 0.5698 0.0000 0.0000 0.4648 0.0000 0.0000 0.0000 
0.6320 0.6140 0.0000 0.0000 0.4418 0.0000 0.0000 0.0000 
0.6360 0.6556 0.0000 0.0000 0.4167 0.0000 0.0000 0.0000 
0.6400 0.6946 0.0000 0.0000 0.3896 0.0000 0.0000 0.0000 
0.6440 0.7307 0.0000 0.0000 0.3606 0.0000 0.0000 0.0000 
0.6480 0.7637 0.0000 0.0000 0.3299 0.0000 0.0000 0.0000 
0.6520 0.7934 0.0000 0.0000 0.2975 0.0000 0.0000 0.0000 
0.6560 0.8198 0.0000 0.0000 0.2635 0.0000 0.0000 0.0000 
0.6600 0.8426 0.0000 0.0000 0.2282 0.0000 0.0000 0.0000 
0.6640 0.8617 0.0000 0.0000 0.1915 0.0000 0.0000 0.0000 
0.6680 0.8771 0.0000 0.0000 0.1538 0.0000 0.0000 0.0000 
0.6720 0.8886 0.0000 0.0000 0.1151 0.0000 0.0000 0.0000 
0.6760 0.8962 0.0000 0.0000 0.0756 0.0000 0.0000 0.0000 
0.6800 0.8997 0.0000 0.0000 0.0354 0.0000 0.0000 0.0000 
0.6840 0.8992 0.0000 0.0051 0.0000 0.0000 0.0000 0.0000 
0.6880 0.8946 0.0000 0.0460 0.0000 0.0000 0.0000 0.0000 
0.6920 0.8859 0.0000 0.0869 0.0000 0.0000 0.0000 0.0000 
0.6960 0.8731 0.0000 0.1277 0.0000 0.0000 0.0000 0.0000 
0.7000 0.8563 0.0000 0.1682 0.0000 0.0000 0.0000 0.0000 
0.7040 0.8355 0.0000 0.2083 0.0000 0.0000 0.0000 0.0000 
0.7080 0.8107 0.0000 0.2476 0.0000 0.0000 0.0000 0.0000 
0.7120 0.7821 0.0000 0.2861 0.0000 0.0000 0.0000 0.0000 
0.7160 0.7498 0.0000 0.3234 0.0000 0.0000 0.0000 0.0000 
0.7200 0.7138 0.0000 0.3595 0.0000 0.0000 0.0000 0.0000 
0.7240 0.6744 0.0000 0.3942 0.0000 0.0000 0.0000 0.0000 
0.7280 0.6317 0.0000 0.4272 0.0000 0.0000 0.0000 0.0000 
0.7320 0.5859 0.0000 0.4584 0.0000 0.0000 0.0000 0.0000 
0.7360 0.5371 0.0000 0.4876 0.0000 0.0000 0.0000 0.0000 
0.7400 0.4856 0.0000 0.5146 0.0000 0.0000 0.0000 0.0000 
0.7440 0.4317 0.0000 0.5393 0.0000 0.0000 0.0000 0.0000 
0.7480 0.3755 0.0000 0.5616 0.0000 0.0000 0.0000 0.0000 
0.7520 0.3174 0.0000 0.5813 0.0000 0.0000 0.0000 0.0000 
0.7560 0.2576 0.0000 0.5982 0.0000 0.0000 0.0000 0.0000 
0.7600 0.1964 0.0000 0.6123 0.0000 0.0000 0.0000 0.0000 
0.7640 0.1340 0.0000 0.6234 0.0000 0.0000 0.0000 0.0000 
0.7680 0.0709 0.0000 0.6315 0.0000 0.0000 0.0000 0.0000 
0.7720 0.0072 0.0000 0.6365 0.0000 0.0000 0.0000 0.0000 
0.7760 -0.0566 0.0000 0.6383 0.0000 0.0000 0.0000 0.0000 
0.7800 -0.1203 0.0000 0.6368 0.0000 0.0000 0.0000 0.0000 
0.7840 -0.1835 0.0000 0.6322 0.0000 0.0000 0.0000 0.0000 
0.7880 -0.2459 0.0000 0.6243 0.0000 0.0000 0.0000 0.0000 
0.7920 -0.3072 0.0000 0.6130 0.0000 0.0000 0.0000 0.0000 
0.7960 -0.3671 0.0000 0.5986 0.0000 0.0000 0.0000 0.0000 
0.8000 -0.4252 0.0000 0.5810 0.0000 0.0000 0.0000 0.0000 
0.8040 -0.4812 0.0000 0.5602 0.0000 0.0000 0.0000 0.0000 
0.8080 -0.5348 0.0000 0.5364 0.0000 0.0000 0.0000 0.0000 
0.8120 -0.5858 0.0000 0.5096 0.0000 0.0000 0.0000 0.0000 
0.8160 -0.6338 0.0000 0.4799 0.0000 0.0000 0.0000 0.0000 
0.8200 -0.6785 0.0000 0.4475 0.0000 0.0000 0.0000 0.0000 
0.8240 -0.7198 0.0000 0.4125 0.0000 0.0000 0.0000 0.0000 
0.8280 -0.7573 0.0000 0.3751 0.0000 0.0000 0.0000 0.0000 
0.8320 -0.7908 0.0000 0.3354 0.0000 0.0000 0.0000 0.0000 
0.8360 -0.8202 0.0000 0.2936 0.0000 0.0000 0.0000 0.0000 
0.8400 -0.8452 0.0000 0.2500 0.0000 0.0000 0.0000 0.0000 
0.8440 -0.8657 0.0000 0.2047 0.0000 0.0000 0.0000 0.0000 
0.8480 -0.8815 0.0000 0.1580 0.0000 0.0000 0.0000 0.0000 
0.8520 -0.8925 0.0000 0.1102 0.0000 0.0000 0.0000 0.0000 
0.8560 -0.8986 0.0000 0.0614 0.0000 0.0000 0.0000 0.0000 
0.8600 -0.8998 0.0000 0.0120 0.0000 0.0000 0.0000 0.0000 
0.8640 -0.8961 0.0000 0.0000 0.0378 0.0000 0.0000 0.0000 
0.8680 -0.8873 0.0000 0.0000 0.0878 0.0000 0.0000 0.0000 
0.8720 -0.8735 0.0000 0.0000 0.1375 0.0000 0.0000 0.0000 
0.8760 -0.8548 0.0000 0.0000 0.1868 0.0000 0.0000 0.0000 
0.8800 -0.8313 0.0000 0.0000 0.2354 0.0000 0.0000 0.0000 
0.8840 -0.8030 0.0000 0.0000 0.2829 0.0000 0.0000 0.0000 
0.8880 -0.7701 0.0000 0.0000 0.3292 0.0000 0.0000 0.0000 
0.8920 -0.7327 0.0000 0.0000 0.3738 0.0000 0.0000 0.0000 
0.8960 -0.6911 0.0000 0.0000 0.4166 0.0000 0.0000 0.0000 
0.9000 -0.6453 0.0000 0.0000 0.4572 0.0000 0.0000 0.0000 
0.9040 -0.5958 0.0000 0.0000 0.4955 0.0000 0.0000 0.0000 
0.9080 -0.5427 0.0000 0.0000 0.5311 0.0000 0.0000 0.0000 
0.9120 -0.4863 0.0000 0.0000 0.5638 0.0000 0.0000 0.0000 
0.9160 -0.4270 0.0000 0.0000 0.5935 0.0000 0.0000 0.0000 
0.9200 -0.3650 0.0000 0.0000 0.6198 0.0000 0.0000 0.0000 
0.9240 -0.3007 0.0000 0.0000 0.6426 0.0000 0.0000 0.0000 
0.9280 -0.2345 0.0000 0.0000 0.6618 0.0000 0.0000 0.0000 
0.9320 -0.1668 0.0000 0.0000 0.6771 0.0000 0.0000 0.0000 
0.9360 -0.0980 0.0000 0.0000 0.6885 0.0000 0.0000 0.0000 
0.9400 -0.0284 0.0000 0.0000 0.6958 0.0000 0.0000 0.0000 
0.9440 0.0415 0.0000 0.0000 0.6989 0.0000 0.0000 0.0000 
0.9480 0.1113 0.0000 0.0000 0.6978 0.0000 0.0000 0.0000 
0.9520 0.1805 0.0000 0.0000 0.6925 0.0000 0.0000 0.0000 
0.9560 0.2488 0.0000 0.0000 0.6829 0.0000 0.0000 0.0000 
0.9600 0.3157 0.0000 0.0000 0.6691 0.0000 0.0000 0.0000 
0.9640 0.3808 0.0000 0.0000 0.6510 0.0000 0.0000 0.0000 
0.9680 0.4437 0.0000 0.0000 0.6288 0.0000 0.0000 0.0000 
0.9720 0.5040 0.0000 0.0000 0.6026 0.0000 0.0000 0.0000 
0.9760 0.5612 0.0000 0.0000 0.5724 0.0000 0.0000 0.0000 
0.9800 0.6151 0.0000 0.0000 0.5385 0.0000 0.0000 0.0000 
0.9840 0.6652 0.0000 0.0000 0.5010 0.0000 0.0000 0.0000 
0.9880 0.7112 0.0000 0.0000 0.4601 0.0000 0.0000 0.0000 
0.9920 0.7528 0.0000 0.0000 0.4160 0.0000 0.0000 0.0000 
0.9960 0.7897 0.0000 0.0000 0.3691 0.0000 0.0000 0.0000 
